48594234.333314 48904579.375359 5.582585 46.258178 48.306817 165.163710 
43784177.392737 45761070.099605 2.472716 35.550576 62.394346 92.905758 
46833127.654619 47232666.046421 4.295053 65.778824 25.246738 166.816438 
16234773.269536 29018290.748240 1.665399 69.098258 101.009269 157.960905 
4364802.813509 41669796.934817 48.583881 50.751669 0.697209 118.888457 
39059570.137962 63192288.523334 61.683651 65.758189 13.285635 139.303624 
11547616.072428 48664379.983842 38.677364 39.301731 88.175687 119.852960 
9818689.962962 43861212.257256 7.668513 23.034848 19.181391 166.229274 
4023456.060347 37636296.916156 38.053440 57.317153 119.245059 177.330777 
14712163.736673 53923852.392438 4.956806 18.028621 42.091025 155.573630 
43883368.653257 45696819.289793 47.211101 51.751994 2.668249 176.893564 
22735533.528528 29978623.378377 47.191521 69.681262 9.153906 177.348874 
9456535.470469 30159700.624624 49.943317 63.362787 4.618678 158.237541 
31465849.409859 53907887.819591 25.816085 62.389354 144.385205 156.994383 
37225990.571933 37762633.177721 33.656794 64.383618 51.053273 173.350128 
34400213.960962 46216363.513579 31.280353 32.777239 91.994956 119.877224 
58894067.607285 59380283.113483 6.903672 45.840993 60.366147 96.876705 
8277574.345861 61949899.559114 13.700907 58.867338 61.089507 66.771913 
11673629.081082 61123184.698713 0.778269 50.443049 31.803724 44.175459 
43485602.516100 43771339.763399 25.746554 67.882297 19.975336 176.489380 
14380169.724956 56404857.837020 6.279953 69.158879 141.507710 153.976050 
42020380.157001 46783948.644119 26.998111 54.045642 9.929256 36.981815 
55027642.442441 56415901.330329 39.812056 42.996816 24.665101 134.583954 
29170210.447188 49493640.122528 18.584868 22.895786 16.517480 164.808522 
14520475.156701 25925163.507663 19.147485 69.743338 91.817362 140.833323 
26876119.893005 62899810.539903 8.454651 66.422844 139.999573 151.044841 
49347575.991133 53704150.503334 41.530987 66.317667 111.606631 141.437476 
30801372.993508 46346487.298906 0.584640 69.527482 74.270137 77.007781 
21608331.181626 51135896.933027 43.807702 46.965691 120.882203 125.141079 
23103307.034667 60958601.976399 1.549267 43.559169 150.099782 156.263058 
6921454.023022 25753487.632632 16.568472 45.632400 21.845302 141.366106 
9127908.434205 61173135.843477 33.792297 33.827214 68.300579 134.362839 
23514459.626145 37309226.855382 1.252395 69.647759 115.223392 119.218426 
34549885.353156 38817643.655818 37.429538 40.401528 96.245805 136.642027 
6582132.672182 62690823.719911 62.983039 65.718114 3.875256 175.148238 
47784552.592592 48207066.167166 21.087982 68.716668 6.746251 82.998635 
14112642.048116 58202505.773801 41.802550 58.771945 16.853014 59.350858 
27261522.744134 28302758.514096 15.689550 68.602677 0.633168 176.691072 
42990433.518196 62638832.360909 33.708785 33.801124 21.310436 175.312872 
4199272.248924 30640473.839680 45.135820 57.757936 2.509593 173.826709 
48167898.103023 48538779.722852 9.566199 50.439470 76.873256 149.598456 
50360013.581256 63875429.897993 0.570903 69.966528 105.219665 109.675877 
51427229.613155 59541640.091681 18.089155 39.743598 40.315084 73.702768 
16738678.272576 33906034.444372 5.950088 62.728194 13.503181 21.449726 
59470729.181963 61650160.651846 44.068672 50.455586 19.954101 173.165862 
5161582.382799 64164429.110407 44.858156 65.825739 19.432594 26.984047 
18238118.687025 30916798.692217 40.734081 68.954508 29.126658 166.584462 
3968475.664961 63613956.920006 49.842048 62.240288 22.394568 159.038745 
4424688.383649 63153668.030716 62.763108 65.218861 5.340948 168.705971 
4085119.057031 64158215.739680 36.822438 37.280097 1.428683 102.922830 
58821201.688375 60427126.638877 24.581441 37.388258 80.273748 93.593303 
8821043.152812 51049018.263157 42.463931 65.122869 56.782089 76.224982 
57341078.107659 57470934.472306 1.186990 42.902996 0.520584 167.694366 
11146589.768768 25512051.304303 17.576357 65.064728 6.756384 165.790889 
39008492.093240 40124441.185047 23.166674 60.085756 104.809165 176.323642 
4239078.442320 61877073.889490 56.038932 56.453306 4.812827 166.165923 
20798696.379140 35547702.611183 23.836794 30.520014 58.139931 108.386871 
42795682.924280 50837019.015478 33.204529 33.730570 18.856719 177.162346 
8671867.403402 29616468.885885 8.502884 35.550415 93.415709 104.071352 
53858182.836416 54174214.293016 12.317456 62.634436 24.916320 100.309367 
5628091.056073 59356467.769486 0.571648 69.809377 144.269384 153.032258 
36102305.144969 41362670.452754 2.487268 27.612788 0.428894 176.401033 
27029921.272365 29665526.321725 29.260621 37.863886 8.539615 174.361024 
37773890.024104 54818403.516091 32.504257 32.800503 83.805339 107.845261 
39739830.753843 61980777.678792 4.917134 69.168654 157.769290 161.172409 
4298736.133311 59898900.997624 3.686487 51.348072 62.813251 68.912160 
17061779.812812 60459959.829829 21.991884 30.822312 36.988947 59.497481 
20562606.573573 44102648.585585 42.920694 63.919034 33.388916 81.516907 
5125537.720291 61372889.663842 63.139605 68.797263 0.109420 177.359567 
11509125.160038 62909310.370256 24.949933 55.019662 26.424161 62.207402 
31091345.384322 31603997.754062 1.381064 68.790255 49.361960 160.819899 
15484212.379582 28928570.189279 38.472133 47.684888 28.538096 177.206482 
25428194.620311 34224456.666966 26.371758 40.927960 74.559868 90.043034 
14405980.201200 48569220.659659 8.572415 21.296575 50.012893 153.088380 
7291221.372714 40632273.253622 46.119116 49.178477 28.408638 160.698259 
36544790.551180 36882070.927061 21.907201 56.058822 1.372879 176.543130 
7645763.008007 31185805.020019 11.770837 31.239498 10.845314 150.568109 
7515243.882480 44435875.619614 11.612542 66.760754 141.920106 165.148394 
39092844.772772 61184268.814814 8.738309 19.690550 45.998264 88.638960 
28204177.135488 32646927.003927 25.051245 32.491054 60.738401 158.237541 
8403786.074876 34402780.962340 26.580925 30.544188 6.394618 101.407442 
35453303.537832 62077644.637790 44.175539 48.982613 67.134038 82.091701 
46249561.611238 53940255.815788 44.681076 46.640377 43.994634 140.771274 
8669329.784336 29967324.931581 0.510544 69.302465 6.572212 43.511777 
51378195.942900 55669566.180502 32.443978 58.927046 76.102899 78.325879 
21741180.334924 53803586.893746 8.302951 67.564206 133.038265 148.058817 
5945497.813941 25680621.713722 25.259838 47.787859 49.268918 176.436400 
26896648.605269 28169824.652216 4.771623 56.965548 21.416169 177.154576 
7113993.728117 62130803.347470 34.438837 42.693412 8.499421 19.232902 
56329769.229622 56977857.299761 7.214973 49.685041 113.483838 142.964452 
36653481.749186 38312804.936221 8.269596 65.006981 114.969946 130.859975 
3978057.583872 47089788.743881 4.541829 63.683447 40.637740 70.298615 
17003656.917568 63274200.498029 32.321271 32.661211 68.066991 158.967246 
20321170.245244 53156510.897897 48.394828 56.576259 50.437946 149.002650 
47582336.944411 48962173.673266 39.665142 60.883760 64.157646 158.143347 
10701720.978607 60590586.792253 0.569636 32.731636 83.941181 90.994612 
4795186.124791 53384146.118801 0.511650 60.845332 135.805812 149.106071 
51829409.403601 56359214.737117 22.526283 69.859850 102.615999 114.621054 
37297501.500832 37834286.553414 0.514372 66.653996 80.197896 139.988810 
58287032.874874 58769905.531531 21.018451 34.994168 1.539847 170.113411 
27927319.210064 31152929.733901 38.590310 59.116452 0.253468 164.775360 
60312621.164564 62565133.460199 55.879366 64.636134 13.735591 135.602640 
21036945.921403 50290731.415630 18.335646 36.551817 123.816786 174.428112 
6222380.667644 56736078.120082 52.381520 53.520193 0.848276 175.684428 
4035561.817137 64209555.802101 59.468055 59.871099 0.915618 177.224439 
25626028.518003 50606687.408858 8.222635 65.941592 136.038643 165.893028 
32319385.593409 38614004.917637 1.044680 32.959947 11.547592 166.928733 
5230779.002602 62746131.012484 7.099281 59.741597 91.119072 93.286108 
60657577.126689 62070323.405052 25.773037 33.208661 77.860472 171.068631 
3973820.370471 64052398.071547 2.695741 26.593792 69.107244 84.791091 
4125077.489986 62021797.781749 28.418018 48.054148 122.648891 128.998586 
52689931.812612 53050130.185821 17.720085 68.059102 6.913025 140.775735 
51334617.745842 51661774.151452 12.151483 66.299999 1.668059 169.251787 
44641088.191842 61916415.391982 30.621487 57.083310 132.845861 169.659706 
52671153.452813 60123420.052959 40.611445 53.103752 107.135628 176.608433 
36569129.498362 56721057.361363 1.630524 24.507073 97.957664 152.888480 
5156802.118463 62382466.277970 46.147952 48.756185 11.130104 105.557881 
4762315.911700 35266371.822681 20.887687 69.782781 117.905998 122.613749 
7533476.647646 64221337.822535 33.978962 34.062284 15.802716 177.254906 
19513516.840228 30046364.790138 29.312319 41.686231 45.268429 98.516951 
33463478.870818 46636165.645198 16.900022 59.497392 84.863374 88.082889 
51340023.131770 60277222.524177 42.932885 45.237792 73.573232 152.842074 
27893788.056731 33313045.034020 18.145759 66.732635 7.282589 53.279451 
16827722.341541 61954592.778130 11.721110 66.831527 151.379169 159.728165 
60024395.642912 60623136.574011 34.159797 55.297199 40.847866 130.888056 
22325688.586308 61473631.369576 1.540023 66.939073 151.978014 171.754423 
62173984.482831 62460594.005104 28.990417 68.224677 11.777054 151.036506 
31518165.830736 64150616.640688 15.134459 61.305879 28.005808 44.711201 
41117928.108135 41996506.379049 1.200466 67.022034 6.113830 133.246542 
56928700.886860 59372796.735269 37.213189 59.538250 105.396208 174.053343 
48936183.924439 49622646.329704 24.077484 47.411710 1.352818 120.522546 
18631115.946946 41990080.712712 10.219859 29.541187 61.626372 176.529730 
19174347.685685 46879166.361360 25.468430 28.875446 25.881789 175.705402 
18890211.610570 64041904.416788 44.025468 46.548668 117.920412 175.859950 
21969328.926707 62022909.073911 49.488741 52.009215 9.271410 177.163325 
13865599.739808 53416632.380063 15.538720 64.027308 19.289108 59.658625 
4691572.110827 64221368.828356 60.614753 63.511365 5.607809 168.880469 
27442829.795655 31036362.708526 26.293892 55.585130 44.401626 103.300717 
43707867.562237 45478576.996271 5.095219 69.386606 65.292027 83.236083 
10744685.565080 54360108.202493 0.985408 69.963940 122.656568 133.253506 
18520257.424706 51428267.050168 57.040191 59.080958 2.068685 149.262480 
43501598.105429 55657779.915927 3.534176 65.230537 134.813139 163.630037 
33895249.292492 38495428.279238 28.824810 65.912609 57.987405 87.082839 
5190492.416204 62805230.538817 3.751164 67.681050 151.775698 166.501334 
5315642.162936 64231520.146060 0.506882 69.968173 129.047653 142.316908 
6858930.648155 63453203.846361 47.669371 48.992084 15.664874 166.308086 
32931468.242167 37671485.260111 1.131687 47.469055 14.109514 87.993452 
24079989.573274 57002363.599411 48.024080 49.104397 5.350026 177.201052 
52336074.485892 55666762.167953 14.760667 30.266065 24.686807 152.376937 
53174092.972858 55577722.269013 13.787234 50.777689 0.534014 71.394045 
45379433.493051 46641689.415505 4.463516 33.713847 11.900034 175.464165 
53494489.171102 58208611.989547 47.590502 54.396644 6.961786 30.821236 
6981813.105104 45430548.391390 0.715420 26.163740 26.285153 152.021749 
19456762.349785 62366019.631299 26.467803 51.722060 127.378240 146.902361 
34379510.629349 42081607.254630 48.071465 61.789860 16.323706 80.592852 
57251838.325911 57508148.256490 15.228851 58.904874 5.302402 177.167186 
5262315.069055 59155527.828140 43.183598 44.796503 57.231485 168.450482 
41870195.872397 42372708.591123 20.148807 68.459694 10.633978 172.273138 
36715405.002256 37832338.672129 19.200276 48.644973 50.178869 108.935194 
5387463.297314 62019326.746202 0.730291 12.916107 1.202059 177.173993 
31789395.840840 63840068.426425 7.123958 16.838383 93.770897 108.866392 
17515987.406563 61047329.027676 0.951195 69.908047 104.410575 106.616182 
11907331.713208 51459689.615421 38.247898 42.274624 96.957572 143.737403 
43195087.252296 43632004.618321 16.111822 60.252130 14.563945 141.188511 
43565760.894512 43940271.810118 6.373048 56.424408 5.516779 171.040846 
14295662.980521 42669194.675687 16.019373 29.488937 60.951803 175.107039 
24448490.737371 45052619.981132 44.507697 62.574527 119.077117 137.319967 
6214533.214177 62539949.797752 47.718328 51.403467 30.544211 148.712882 
12759022.553399 53906864.374464 38.970200 39.492057 47.060897 161.789126 
19094600.607247 61798460.714043 47.708984 56.422065 110.575225 125.621417 
51099202.090841 52515405.180098 52.438988 69.615176 1.647544 169.672898 
5663036.825477 59772740.254019 4.108654 16.157550 1.346254 167.982993 
35315154.308599 36297368.291399 2.816883 69.513394 53.260475 177.216823 
13646380.543405 64067238.257240 0.584566 26.489502 153.460425 164.866590 
39636076.511511 51406097.517517 9.273153 59.547634 100.663822 113.219122 
50500711.286285 59192419.106105 14.204420 24.564528 24.115293 175.170237 
21582033.064848 58117756.476203 43.647832 54.939467 122.542224 131.002357 
6505949.110631 46165732.886660 1.085834 52.734577 54.816348 73.943056 
13944314.789599 63842545.625990 5.773692 65.639536 105.171305 110.093054 
54314945.145728 54945600.109792 15.033768 60.040716 74.495082 118.279131 
39576859.483381 41800272.166832 31.443387 37.986204 52.974619 166.723399 
7765586.013900 63488407.229827 8.681856 59.434743 110.315206 112.453046 
11840850.128505 55968692.718884 19.917347 32.557105 103.523195 175.878515 
4389490.694848 63456672.022877 37.693860 63.314370 100.127544 105.365359 
16722981.490361 62391734.491897 43.231576 44.182018 0.001812 177.354434 
20736831.317388 31649208.298897 30.051034 39.159193 89.899672 106.395067 
9706128.431512 63245359.272337 18.723930 28.805915 127.483192 160.966171 
4565742.993550 63651988.751565 4.343674 67.354132 152.342843 170.545335 
43646460.603994 48904014.875129 49.879702 58.947499 11.211168 176.029124 
36231804.771239 51722601.896460 18.121862 66.066475 130.304653 166.566676 
15257075.519879 50971181.872782 26.395846 67.249792 98.165469 107.186816 
38433422.468795 39207032.186642 0.747421 65.028923 27.824341 151.895901 
46938256.633909 47889210.600051 1.688853 42.573039 15.984698 113.483838 
8913938.608902 63934567.137754 43.511363 44.336960 20.678184 163.577699 
35738900.047491 41385388.134119 14.033040 36.193429 25.672704 92.375439 
43875594.747382 50999224.823041 44.677256 60.897053 70.510375 142.852006 
47362039.018017 54786206.114113 38.679307 54.671421 105.847293 123.784293 
4393468.080115 64144551.071145 37.314208 37.435273 115.350830 162.317362 
11870898.753753 27322823.766766 1.087365 67.141887 57.780100 163.171776 
4254323.242459 63717002.273692 20.154958 52.952224 65.381305 71.356707 
36004642.858447 47119185.489527 44.855169 67.797488 70.724752 160.421963 
51144536.225241 61427728.174007 41.968752 67.752552 94.480915 127.436476 
47836717.311120 50252098.151574 5.672972 64.004597 84.815097 105.226582 
4234865.788840 62294717.986308 59.969124 65.713113 0.840918 147.428472 
13307534.718173 56866870.415996 52.364247 55.279258 1.928818 173.722160 
6315072.716332 64017910.235578 2.388825 57.691179 38.299599 51.853799 
26190134.483264 47027652.779068 13.094129 62.016903 96.701680 97.431344 
53321572.032226 54715974.609476 24.038772 36.063479 41.782902 120.052838 
10989066.193901 53170875.141233 47.200468 52.480465 89.820425 172.293734 
18698230.823238 61810693.434083 43.733968 67.170556 39.175998 107.140911 
55248770.056281 58067751.589338 11.917149 67.876541 21.367729 78.078544 
41672401.323422 42559597.285641 1.007768 58.419657 30.328715 142.924354 
40953660.292974 42259896.057111 7.724241 53.785879 3.207296 167.086123 
35963992.000922 55871896.982417 12.088442 35.611374 113.180646 118.158354 
33791411.527844 49330419.026122 4.539621 63.779972 116.518433 118.623358 
9021088.939857 62670663.443842 20.354549 46.484993 102.680708 111.774248 
52521014.400677 55496739.559246 31.784234 65.348401 116.615313 138.831265 
54731519.232559 55335058.270656 4.219664 46.520492 0.868060 164.279693 
15520901.263924 29091905.140176 15.944642 48.105863 0.930721 166.659389 
32221659.337320 59947797.073310 22.931628 56.514671 81.097939 81.986859 
5729355.472411 61581749.008911 19.456795 29.647466 82.116269 125.999957 
4777731.975891 54621960.797558 54.685274 56.549755 0.018778 177.359787 
18424619.797698 63219290.796191 20.004335 69.729262 122.567093 126.982075 
44962932.484965 45682699.666923 1.804845 61.384666 65.544585 146.886232 
21700418.180196 37037750.248907 47.927543 66.085084 5.412215 173.717763 
37651916.853589 43685823.076704 50.207475 57.330839 0.115619 177.416950 
31917367.776116 46801610.854045 3.338510 55.306944 79.064373 82.296225 
46031245.656890 46963259.608010 29.265552 63.187728 11.013831 103.166030 
55432164.622562 57331382.080893 20.309987 33.366463 34.632074 107.978422 
5013345.743508 28485174.138232 2.396133 59.818310 15.421769 176.831966 
8564509.064294 53070610.446774 0.821931 69.965220 105.467377 115.465143 
44801901.851054 45480816.166223 29.016183 67.625680 13.320737 162.601161 
18975285.301830 59630507.880403 33.501229 34.314921 56.197735 98.623962 
5997308.500300 54410856.353109 45.301431 47.635278 27.779745 176.209956 
8736762.087077 64163723.358493 0.923660 69.853272 148.743468 161.046510 
4301675.469079 62995017.057199 59.985253 68.294948 8.475467 177.362863 
7009732.168787 34523878.411315 14.435720 66.050096 108.932942 165.612187 
50168672.237610 50800581.669707 27.536859 64.243831 5.166320 176.806051 
4178999.947008 63851509.571801 1.047218 69.233189 147.143553 167.656813 
62294525.743897 62701865.111395 0.513216 69.967728 31.116600 175.344433 
11407552.990378 34923667.617605 44.578602 66.278069 3.435462 144.459069 
44918440.025196 59744924.063311 46.607459 59.194419 42.901203 156.216744 
4098881.570510 63306616.338731 4.035219 65.722821 110.055419 114.511188 
29737187.050049 41748644.384383 37.566812 41.112889 5.861836 119.877224 
28694283.424536 63271787.243797 36.049729 36.361452 0.434222 171.553127 
4015182.731925 55784801.195509 0.770547 68.971248 137.005737 175.315980 
34197329.716439 50476733.830459 38.130956 55.103608 120.815546 136.726731 
14274386.526751 64169052.612548 3.844312 17.402843 3.903502 125.033674 
8263606.222724 52196493.420498 51.565012 54.716661 2.208445 170.136327 
53985417.458838 54563079.183100 2.373702 69.957130 17.797008 158.401479 
7671678.850617 64218886.401507 5.618998 62.838292 110.880797 115.041767 
11023583.131017 50614250.606850 32.403195 36.398919 57.905174 85.331128 
56487602.422276 57126204.893323 26.997047 43.473886 2.706099 171.718538 
23963541.875181 63230821.578209 19.873052 69.084781 30.918598 57.495545 
48926925.894929 61535256.257672 39.707321 40.465058 63.402312 134.439937 
3964528.534042 58178748.409492 16.517736 64.981795 63.468554 72.084763 
7790646.644848 40521530.861963 14.582189 68.294848 17.267778 73.080609 
19571590.923495 62149170.367470 45.313137 46.418675 1.643440 162.996992 
37463546.308414 38397322.262233 4.376462 69.371660 1.765677 162.944377 
52070047.420419 58166314.710710 45.145683 49.108946 0.150560 165.626094 
32018446.512240 50820066.166092 33.795121 34.263458 2.770759 138.527443 
38856821.331343 40411210.585937 32.420633 66.268954 61.759977 174.336373 
6556080.364791 64248855.671655 2.203275 26.796132 109.847162 169.400173 
11582476.744219 54693109.664305 1.922456 68.454065 126.091202 158.094492 
49797925.568892 51358964.709000 35.318603 63.929793 15.379542 107.730105 
35146814.266443 48285262.850221 40.139456 57.105003 97.752171 142.551807 
27954793.665871 63862320.121320 2.000070 62.397239 114.042540 116.764980 
17887806.763975 53383545.878892 51.638602 52.993521 0.062139 163.841530 
8681646.495576 64254978.968942 10.607708 62.414794 126.008965 148.813480 
58150240.571150 58619248.197321 5.740688 64.714714 60.848754 167.200956 
7561058.749759 53904202.621628 40.521602 40.829569 5.029172 176.890073 
4864847.784599 64111288.955745 25.640939 69.853990 138.687466 153.645368 
34018703.381877 36723515.389713 10.000834 58.391913 15.364278 165.471773 
5796816.715965 63931427.154860 2.381905 69.479124 35.033169 48.892662 
4164171.295337 63018382.004101 19.060666 21.957621 35.049669 171.763689 
37661506.780255 39520783.341213 3.357595 48.344106 6.039430 107.978422 
34614329.935763 37793062.641511 23.095204 68.874605 74.925883 107.869964 
57572200.607144 59667054.617700 43.171899 51.747336 0.183441 176.743658 
42406601.326001 44506601.619009 25.769219 32.713529 41.657224 148.426695 
21870749.202361 64231768.055192 44.424152 45.558152 78.319009 139.575487 
14526007.841249 63191763.380098 27.036083 62.245959 131.372716 163.140895 
11931257.835835 42291876.123122 49.178477 55.575323 0.516770 142.304207 
58179706.669394 58550977.634591 7.092902 68.803260 6.283966 126.549569 
6295393.645668 63655706.338024 17.610670 59.267143 142.459758 158.204926 
62511346.739791 63033191.516427 20.673126 69.241188 78.866014 175.082180 
49912391.370900 50763947.258634 5.800698 69.351098 26.401861 136.421040 
21399688.673438 60010421.676971 0.529136 67.956017 142.973979 161.485993 
32064643.129148 38684250.950956 2.680525 53.819506 46.593985 92.038262 
3995619.142648 64152209.827226 13.258682 51.105555 147.868190 175.801311 
19113988.603603 39032485.690690 35.480884 62.528415 85.779164 119.522036 
23514097.090892 29268975.110157 29.334316 66.012887 36.247697 174.576709 
40566411.928346 41953667.675228 22.884023 66.941650 60.995656 168.244391 
8188994.746746 62150014.128127 23.799688 42.990224 131.776026 157.527165 
53956538.543670 60693517.127213 30.375401 64.754377 69.509442 74.741483 
14750695.341563 60389458.410914 17.143700 69.897781 84.295550 85.365485 
46941261.280973 53981041.877240 8.547080 29.133525 12.408387 162.096224 
23834322.584328 63512775.986347 33.956006 55.745194 29.126658 72.282015 
24012111.252587 61403885.832226 17.456818 28.410580 92.989063 159.668474 
50647567.719405 58022987.952239 1.391275 63.542572 82.611705 87.094064 
4452924.395348 61951449.350815 6.050662 42.499835 134.768406 157.177599 
49059379.442512 50069569.940603 1.623637 68.877237 46.998201 153.709532 
4200381.213172 54935084.947522 27.862165 30.158105 0.001265 177.417700 
25210653.798412 56145068.533717 51.235189 52.626872 0.920669 177.386022 
61957351.583629 62912143.214088 11.482154 69.340675 80.332041 147.065646 
59922771.153926 60287946.640012 14.950796 67.815325 5.237675 175.911080 
9595314.200220 59130407.543497 47.369269 64.629461 43.208738 137.985170 
56657097.708723 58642216.434153 34.502028 40.430632 9.640190 165.639327 
44327030.677531 47724989.457443 27.174760 64.462662 77.787285 96.211752 
58433163.013127 61051583.539005 3.439535 61.415952 20.366065 81.492397 
57629050.600382 63439199.694158 40.037567 42.310172 48.788208 139.693133 
58225999.273711 58985383.985837 16.835115 42.742695 18.711814 158.505047 
47923759.567130 48650255.631050 4.504208 68.690990 1.890965 174.287380 
50641931.489836 51631723.348956 25.741147 49.210056 24.326523 176.178336 
14888852.857857 46818807.279278 2.111119 67.546126 17.938232 40.492678 
16521143.962508 57766775.677207 46.922953 56.673372 91.453603 132.003747 
17219452.967292 64239844.403899 25.945276 65.652501 126.769322 165.627170 
47663831.451143 52415824.661007 28.653032 62.407382 35.306789 83.050081 
4074721.107542 64216654.027423 15.186983 69.929914 79.426465 80.939194 
4324421.199199 52224704.809381 42.160064 60.393586 97.294254 145.232567 
30360981.448388 58400579.164819 41.948059 57.158653 39.755447 79.764335 
34367616.812418 41573744.079614 22.965317 39.374616 83.890338 109.737291 
19928580.498414 37202071.657083 19.683128 51.795145 116.358142 175.051833 
33225812.936486 42400222.698889 45.715777 56.309703 0.856146 175.623912 
21204972.924977 55437352.005821 1.823497 57.969026 118.524296 122.125333 
7426007.996845 44378434.427394 3.002595 66.702116 77.153099 84.167149 
3963865.088079 64262445.449306 34.572392 37.074935 53.579812 86.795095 
4401900.387482 37065226.719126 8.989600 48.205044 111.175115 152.199343 
50921284.268223 53886215.838533 3.191827 69.850128 104.292081 145.973852 
32453345.743743 60882473.404403 17.820028 22.965317 28.566677 170.904851 
53318326.272164 54211618.522889 15.689527 43.316475 2.570496 159.752588 
15900036.242512 60298035.841695 12.103372 24.423858 13.933748 148.536157 
4582140.695750 63983742.353910 0.634507 68.185882 60.162693 72.134696 
32603899.337299 59852015.052567 46.154895 60.467459 97.907019 150.386461 
50226945.399579 52599925.013253 37.643958 53.852577 29.699066 158.618681 
41447634.457743 55758543.027213 33.580171 37.634015 79.871472 97.241403 
24304869.662662 49595325.055054 56.274808 59.850247 17.922944 18.486623 
43560852.581128 59256557.167593 4.369656 58.374447 13.027463 19.313253 
30878955.924109 38069561.513132 12.815862 60.317103 54.661403 96.163163 
19256639.046842 59903352.338367 14.800007 68.231800 128.913206 172.260053 
58761831.277723 59418071.999875 4.510323 52.342423 2.678355 176.785224 
4420946.498087 63226875.284475 4.847792 18.610585 65.331184 139.413715 
62777587.983128 63328390.009972 8.911073 68.653401 46.449935 174.500355 
6647019.513224 62564714.071899 34.062785 34.847131 28.369154 174.306429 
59000855.527140 59714172.935663 0.508525 69.964874 27.439801 147.091380 
4913168.576923 63440600.869786 5.930239 25.398900 0.425442 88.610682 
7301195.199663 30909098.778537 15.847819 66.597401 87.012723 159.485500 
39850253.423508 43152137.441760 21.555830 40.453694 85.932757 98.383668 
53964150.748248 61093394.080193 3.758638 68.846399 120.856877 122.427151 
5112312.887102 41257735.934016 1.300273 31.053177 41.203054 147.937086 
8263088.810479 44595434.614882 42.724864 52.285391 39.718065 139.138101 
50109106.649464 53760898.099923 2.884687 63.571487 110.648018 125.215776 
8500151.031490 38850481.110030 37.921325 43.213902 54.232912 152.575852 
17952730.044882 38168727.233194 0.519520 69.968225 56.453285 87.168205 
46923471.003099 62342747.320168 31.460143 57.158278 89.601830 95.318406 
25222883.569724 31100305.316800 4.356734 47.301624 75.941208 173.025544 
44742239.735127 62178872.417596 38.065675 51.535200 72.142672 74.193780 
11512586.875812 61514914.011467 2.532994 69.696778 48.178427 72.286286 
9702864.817871 62470721.333388 0.549243 69.907568 76.423562 78.223558 
9746681.340213 61632652.064980 10.027268 24.299423 40.997355 129.444823 
25033572.419140 30621637.774726 28.314012 68.334568 13.706907 177.202952 
29970027.563408 34639095.759391 22.338236 58.360009 26.247212 174.922108 
15039590.871073 39635029.574237 31.707472 35.087194 15.500943 163.172727 
56162975.267670 57048206.315682 25.265379 67.525744 52.140051 177.018245 
54066359.780511 64015786.456174 33.545821 34.080323 39.791419 152.728323 
33777109.444282 46637246.957383 30.018882 30.457915 80.559022 115.458786 
47741876.580900 49559787.078013 16.745994 38.756591 18.114745 150.370624 
22591777.329250 58408117.261481 8.570174 62.068823 75.007114 77.316651 
28442702.582232 54263789.844513 11.385993 25.248231 22.120763 171.167878 
55682393.214086 56710056.629128 10.586416 68.432690 55.603902 112.993813 
45271885.784179 45963338.066739 0.860673 68.940072 7.888810 177.254222 
40552451.996721 49532252.947526 13.825471 46.161803 119.617667 127.928149 
57433631.943670 60144739.773637 14.335960 47.603188 99.366480 125.340237 
23279876.454089 31678697.372673 12.395711 41.932593 89.866363 157.411681 
56264613.856477 57726944.600483 31.406292 69.291461 73.410640 113.719447 
7326442.166177 40799693.856495 25.150314 48.126426 96.267899 98.771001 
6163877.427243 59326992.849360 42.171780 45.221587 79.391462 159.321506 
50791470.932124 53961982.514465 42.167508 68.294655 13.816687 176.063578 
9092020.638482 59547177.219360 36.697148 59.375701 93.943016 107.783439 
6586816.897477 49990956.131249 44.933383 68.087578 32.337028 177.049030 
3987677.509603 64257589.248852 24.808437 67.339479 125.589194 164.687146 
5305836.550675 63825265.648537 22.965317 26.859049 38.328839 139.264309 
54167789.729129 55477190.205961 13.082051 43.997035 84.621013 168.837715 
56846813.215624 57435431.612209 15.106234 67.896496 12.891146 177.282451 
27684978.259258 35712736.176175 7.852258 66.735976 70.615014 106.044789 
36642237.917265 38349974.227029 18.216801 51.847191 56.032119 162.723623 
35229863.519519 48025988.920920 32.309884 33.616237 52.639472 161.867287 
29707169.637577 40199011.022476 33.816632 67.265585 116.969759 135.440560 
43098094.216688 45101158.538150 20.765718 69.712453 84.875823 120.036318 
57096738.631324 60802106.608925 40.985953 65.622491 34.095319 163.366612 
4463992.406390 64258171.155320 19.366496 42.833591 15.643141 50.302503 
10338876.244611 55356601.934835 23.888685 29.065845 15.077706 159.047920 
30125469.588680 35156822.680101 4.081529 63.936529 43.087736 134.910531 
7580281.657146 29553875.192496 1.246546 69.873963 6.143125 176.883116 
8115824.086879 60034942.395285 41.372509 42.193580 14.843205 176.088799 
35376969.170523 62891252.549337 57.682769 58.507949 3.240633 177.000732 
45606849.818709 46967940.154228 3.371314 62.695499 86.153142 163.784345 
45135963.395736 49008840.932136 6.604133 64.470484 92.395074 104.983842 
42382814.790692 44496186.646980 31.551871 63.504587 62.652594 109.933282 
37821989.441055 52357825.327733 22.463186 39.510664 113.858541 118.516774 
5226818.478530 64182750.038937 42.758324 44.495112 61.776729 175.977316 
31793685.207896 45497460.221742 5.362575 68.867568 25.078482 78.929262 
54202680.278041 55512153.628444 32.158273 62.299072 49.633690 171.874926 
13887538.911497 58695525.140466 1.088887 62.814557 88.995851 94.635846 
49569413.046878 60149996.728511 36.852952 38.200168 14.664990 173.230500 
5524604.470924 63537676.148475 0.530060 46.128524 21.278313 67.101047 
16899470.384469 62954860.008341 3.073798 69.963092 137.765769 177.029132 
4724115.223173 63721032.027113 9.640910 68.440258 137.965056 167.270852 
15089184.106750 45006120.531384 0.656510 69.922498 45.280458 77.724380 
39805380.151440 42134350.538377 27.818748 66.561813 18.460598 154.853438 
14547029.834081 61602542.558391 0.513468 69.956864 124.928588 161.263264 
8609906.992848 58666926.206439 13.042850 26.830635 43.575940 148.649300 
3964049.515256 64262581.126132 17.122753 52.637069 29.124323 69.109600 
6083422.790496 63901849.890255 45.602815 67.903152 121.296567 148.062447 
4218439.564682 57461969.502360 44.209835 60.339757 96.478006 169.142243 
39196091.199529 45322909.368873 50.143060 60.507075 3.000973 177.103047 
46202005.319836 54734271.167095 34.947666 39.172726 2.269804 115.485162 
4185827.773439 62491873.735848 2.420021 69.965702 128.095132 162.705176 
33610514.674229 62151492.764511 33.884919 34.356301 78.388644 168.354918 
20041605.011418 32726073.116591 16.244810 42.143332 26.993122 118.014467 
54891399.605978 58881336.866335 23.695773 60.750852 112.940575 135.290717 
4048705.187803 64180912.926334 56.895366 58.092739 7.875172 177.415887 
46574324.596001 48432566.711285 24.766046 43.541496 65.168048 143.939299 
4009019.329501 63708501.948789 12.550142 55.086653 80.654386 82.089553 
8074801.888753 52306589.769119 45.141786 47.805428 0.439262 172.774854 
55816682.234933 59970771.957257 38.690763 42.297149 44.860591 176.808505 
17786088.797797 59977087.173172 38.615831 39.253042 63.047124 141.188511 
51690439.134894 52937692.706973 23.793928 68.427197 73.954577 137.548588 
17505079.026953 64231440.929563 21.702490 31.154827 77.423289 82.097619 
4026305.791566 56509830.249539 45.499573 56.408670 35.737332 165.202359 
19395369.381019 58817224.162021 10.471837 23.485897 33.359872 159.903221 
11357267.819936 44440828.989115 40.523943 55.789806 21.054413 91.644422 
27562952.819730 61856617.541104 46.407228 68.676006 27.849192 146.116062 
45549928.824192 50701262.995187 37.803558 43.174515 10.699585 160.785840 
33436996.683431 46641201.770401 21.379289 60.410044 24.526631 77.958768 
24844750.287814 38168332.750272 47.508914 67.039181 0.470356 177.354439 
12109127.054921 62236445.941899 10.675597 60.978026 84.075894 86.266555 
31114290.919057 51603254.481610 38.754615 58.822143 27.535800 75.473812 
32214440.302391 49704526.760948 28.991990 30.615022 97.103954 176.640156 
50886798.847930 61558287.072213 31.660047 48.003801 46.908328 75.408238 
12084240.013845 63685334.082870 8.641946 21.296575 60.011349 177.397921 
56548319.284930 60522036.876116 26.554072 69.615110 115.244138 127.914716 
28409287.244243 42110798.876876 51.890183 69.342447 2.285956 173.720046 
33987063.398488 41339140.429549 2.471255 68.448954 100.475432 154.930303 
10701933.349059 63366485.026152 2.203098 69.217773 136.346727 176.834104 
12106557.090107 59010970.963048 45.548697 53.513616 61.120741 175.397580 
5009886.894066 63039871.469749 0.808830 69.442341 132.564031 169.460666 
4259645.353034 60465997.494803 45.004538 49.020591 106.231123 168.550392 
3992041.509187 64206120.089751 13.886373 63.104612 135.981233 159.468953 
46063926.026492 53027939.468606 14.482544 40.348049 32.099777 84.617915 
4201163.034949 63649105.071082 47.088380 51.570344 20.244525 141.411548 
6376369.911713 53916946.477558 38.693072 68.128339 109.205955 125.790588 
6890458.818710 39773410.038610 26.024678 38.887900 106.567471 167.207492 
7096945.051204 30966522.840909 18.136885 43.635135 50.288552 168.360575 
44508845.751997 46901289.960039 35.118843 45.939713 40.673375 163.684259 
44693577.091519 52492620.952422 0.506827 69.968225 120.054817 128.380761 
25081701.004217 34385122.352836 15.299377 51.079131 65.333264 118.062628 
37554960.320801 39740217.684436 16.349266 64.396014 32.239751 156.092583 
4000420.051164 62846401.623152 0.768709 62.574351 131.821536 171.240129 
29078948.671336 32391217.534832 17.926960 61.502303 18.145239 166.481446 
36930502.254037 38383525.314819 14.040013 64.088885 0.003716 177.417696 
37185070.861534 43439131.828095 36.009162 40.786085 17.365523 134.565669 
10603358.030029 41990080.712712 13.161456 57.244065 80.052256 93.507356 
40342512.136927 63939761.028451 20.964152 64.801085 93.707792 96.316641 
55706316.865973 58778055.771413 28.291526 34.952022 91.174671 157.564351 
36833858.644976 39466722.709671 15.982962 68.595130 62.933712 121.774415 
13734818.241936 59048242.262008 42.500532 45.236392 10.289955 135.900155 
8769612.864799 63817235.353967 18.960214 60.945809 130.215386 173.768825 
3995304.579264 64255941.411668 46.882412 49.520445 64.859638 129.934626 
28114979.751897 59441896.029619 21.224479 27.641263 7.286190 169.676807 
6140056.494952 44649141.622036 56.330119 62.538554 0.615721 177.409536 
3969610.844699 64241647.576519 0.510056 69.968208 137.654010 160.716958 
19057309.131887 31957353.299757 23.409303 66.817985 84.963849 170.911661 
38599037.144936 45858060.037660 46.709325 56.064686 4.089928 176.991421 
53425047.556101 54724795.381360 1.235968 68.305603 21.451020 117.171830 
41204506.353121 57833241.412553 30.891843 62.041699 81.239535 85.783847 
37606754.504186 60135839.420043 39.579464 40.536068 64.395328 177.325023 
11931257.835835 39696435.593593 41.391013 58.634683 11.544846 142.431670 
5649584.142218 51522301.637297 19.092662 63.296475 119.058119 122.340474 
49136920.754956 56093375.876902 32.479619 38.393673 80.385157 105.918897 
58532280.111463 60744969.400963 33.480298 39.803333 53.514353 145.112578 
31804201.479880 36627689.755945 10.479917 68.096976 4.944530 175.477007 
7091135.458690 64146530.733767 0.827770 62.044907 134.104362 159.296936 
11442826.596941 47192748.488572 57.423496 59.429605 0.070176 176.835735 
3978132.719231 63913248.376679 5.865089 56.003885 66.310240 73.777374 
41816144.383827 51258561.321463 43.225108 49.324987 5.499624 129.610500 
54581810.822474 56044332.866387 13.836720 44.121512 69.847465 112.671302 
29694206.185473 61312487.240486 43.662422 47.334535 0.489317 101.745530 
3990045.266231 64128973.357764 59.894573 62.732908 1.338103 177.416243 
30086966.724695 32180475.218078 6.147982 67.205898 0.002057 177.416135 
9488201.656581 39633033.107943 23.660700 34.960714 65.490661 114.190328 
5791178.641069 62772908.395878 35.241512 42.756488 96.801646 112.462200 
8845374.624081 61747004.348568 52.753194 56.451464 8.991509 175.602294 
55763191.139629 56728166.456472 12.793197 69.312798 27.071737 177.265860 
20503683.725244 52830026.876877 26.637819 48.910551 78.701855 82.738232 
44361717.228871 49098716.605681 12.732268 66.972960 111.091547 126.202825 
26876427.553274 42909775.685280 0.517288 57.315950 120.674213 136.159719 
52914397.091786 56502095.768753 47.229707 61.245115 9.534050 168.890967 
56240360.638762 57215862.471569 18.355621 63.550316 60.664364 167.395528 
4433741.482985 64254977.015383 46.846987 67.743297 116.453428 132.936798 
23023259.305801 61870753.941967 1.943497 26.206105 76.057884 122.112647 
5038358.692813 64091530.425309 45.829933 65.816582 27.449370 162.868297 
57309674.133711 58477486.055684 21.713760 43.546611 35.552310 175.916820 
43003695.432926 46958513.923752 0.959312 63.083249 100.481167 166.540807 
25310296.231260 31056845.789929 12.429724 69.060891 2.952421 132.126741 
10173551.399156 53631315.409685 13.646844 28.495572 38.581209 175.029839 
16303773.009051 62315271.764689 41.205373 61.930394 85.078759 94.398328 
59934250.576579 60580690.078431 7.851089 60.000541 0.362224 121.245889 
10473982.602888 30668807.824854 0.534200 69.627723 6.192450 176.843352 
44272066.339334 49257972.765568 4.936283 63.656974 110.451768 176.554684 
61642079.996131 62497270.260500 25.641045 64.972207 5.697381 176.136222 
56154115.660752 58200098.255379 4.396670 62.715316 79.788768 108.623099 
49575415.843115 51232096.811971 1.699212 66.084569 20.811174 134.974682 
54476554.926021 55511481.596315 2.203193 57.887983 11.518403 139.090027 
9417657.384956 60353181.932865 1.340407 46.933643 92.425740 95.558737 
35115771.726462 44577255.429072 25.034212 31.022911 25.345321 176.889414 
50390609.954375 63513808.304233 1.739538 24.470946 19.136592 164.562663 
51151607.605942 58027724.355018 48.975328 63.679973 7.563938 16.108261 
43419449.389634 45745751.636672 21.971259 61.476072 86.533476 145.065762 
41683349.274469 42973979.738830 4.811566 63.633507 53.103690 175.982935 
10608488.857189 42053168.902538 25.288329 62.786156 15.711818 77.955426 
25630643.260545 49869878.446110 28.570302 68.893738 86.008046 94.990184 
12600291.584010 53374467.583927 22.065589 30.177889 8.414912 169.939920 
27189159.264992 49973356.726280 1.296450 49.611042 113.802080 121.867811 
24883801.176791 35230396.727618 31.470313 67.457734 64.295982 153.303414 
16044820.694218 62981589.470066 57.171578 59.221822 10.745283 90.052458 
58423070.276078 59166973.063724 31.051517 69.733048 0.291732 176.993959 
45929451.018831 47846155.564766 2.451369 41.906507 3.719307 177.111588 
4943889.032525 64131267.041317 59.893879 67.810266 2.968992 176.778923 
59426850.074791 60038593.993640 0.506839 69.774307 1.791725 132.463176 
4201453.688007 64262210.602346 2.521126 40.368178 124.518447 168.960779 
12098261.471952 33073848.147019 17.553396 69.786839 84.714676 152.102561 
49703042.305287 51197959.001762 11.635318 54.480597 12.411936 176.016671 
4385476.423658 56908552.488662 10.996200 27.086698 6.102052 172.043006 
42049896.019280 43338137.770613 28.841202 69.848790 30.162535 129.812181 
24013992.824283 63895002.575121 3.366375 64.212524 125.245642 171.744711 
52465527.670736 59384041.759853 7.631072 50.110068 73.652275 81.474946 
6397172.234987 62928778.744194 32.730018 33.029239 96.702742 102.648397 
44674618.153340 46123721.800730 19.566218 69.348656 27.732171 168.837341 
50897581.218742 51808022.835901 9.028745 65.868016 0.044505 177.034576 
45566326.117554 61423824.388810 1.989869 53.197583 77.324975 81.584249 
26567095.466099 37253602.062694 19.039882 66.086161 96.999362 170.964526 
59152979.157784 59973305.855126 9.123862 67.358289 11.005039 139.411441 
3976637.498269 63696091.360278 35.017436 35.797058 0.002225 177.401358 
49706455.985663 51099416.179017 2.444819 64.751660 2.562173 114.867639 
9522723.563057 55102522.536023 4.747616 27.659529 31.553189 175.723374 
20683777.873447 63482441.406124 41.733947 42.500694 0.163060 177.415281 
17544289.045259 59585136.431522 33.186364 44.311312 122.244297 125.339945 
4036726.250962 59644316.486947 10.052690 49.593764 20.580181 72.964397 
8875724.363555 63696807.752425 17.188892 67.261117 123.382665 172.186767 
12814043.283434 63250097.576628 1.288739 69.577177 117.479433 118.522447 
28653912.881666 34526281.768878 28.579202 67.159723 8.555004 158.309707 
21468121.265531 51314028.760591 24.150909 47.370783 82.467116 87.955962 
39677235.884080 46950735.402133 26.444482 40.282063 95.318508 98.111167 
3991221.239522 64010779.788315 4.021608 66.220102 101.721709 112.351086 
4121720.214139 46909262.888952 42.236226 50.236220 50.723365 172.940218 
25910236.208463 59946654.260851 42.798591 57.221030 107.933226 131.668704 
39420271.461849 41292852.025580 1.098729 69.773582 0.035507 177.357877 
5494886.778193 63132329.875552 42.759221 45.012878 0.700595 177.176571 
4217224.983568 31920617.880990 1.664811 69.180560 77.320796 144.190177 
11788151.412594 59400374.466395 5.509302 50.250026 92.785147 95.679205 
24594960.069567 33614421.948662 22.041045 42.700816 75.181528 171.891848 
14827816.946113 31602241.760468 30.531889 67.917798 16.566982 169.233824 
62018497.931967 62769920.221920 1.938932 59.460870 3.268647 174.700586 
36536828.008048 54956457.594769 31.889365 33.784891 3.934949 109.933938 
25239121.521240 47483033.142891 15.345831 68.657426 102.398832 120.252773 
6418745.168668 63977387.319686 1.727762 69.954346 123.597229 169.605905 
56543661.810333 59058499.192575 33.693450 66.882172 45.477910 108.635547 
4055754.098152 57027418.585031 5.858293 59.288347 84.978090 89.469831 
43950061.752011 53008658.238142 41.615431 69.506961 19.819418 177.397304 
12213272.010582 63095037.581092 59.423231 61.009783 1.937229 169.855407 
4586736.383794 63792399.112614 53.034143 56.510524 6.925959 30.274486 
41296263.378459 42887043.010479 0.680927 57.994940 66.804292 140.796697 
45109966.484810 52284790.061467 13.984297 31.237772 1.846283 167.223781 
42508318.447062 43313751.007797 24.194306 66.704381 0.718372 177.101914 
5777644.436155 43727041.240720 14.486158 61.264985 12.271505 68.146242 
42973342.072559 50269513.691107 21.936487 40.986385 115.867101 158.347698 
43747993.221561 45250041.690061 26.367569 66.523268 21.519212 168.773726 
33262091.241436 63409020.710146 59.718664 66.350100 6.570749 36.319821 
50602512.216456 62896051.879050 30.369413 36.694488 69.294517 95.407494 
3963859.001000 63952869.221869 46.919607 48.846881 10.601075 169.263426 
8661963.914304 31338677.909589 0.712393 69.823405 30.044672 161.815022 
3993676.858637 64261576.799711 3.206044 62.172061 123.938803 176.518439 
24160000.084287 63912601.622641 42.759926 56.765436 71.412870 110.647432 
34143907.031051 38133801.201630 12.874101 49.678950 53.670466 128.306545 
42009786.507658 43184168.896668 0.598568 68.598680 64.060488 176.363179 
12120535.253880 63882570.603508 46.328083 66.721071 27.901057 165.451083 
35833832.993804 55404660.514813 11.689428 29.198533 12.588486 152.071036 
42918007.500141 44328223.860141 22.191996 69.930450 30.727219 164.888899 
4015656.738007 64144226.235806 55.115930 56.879017 2.086033 176.266873 
51758391.068166 53244382.822492 2.473088 69.932600 42.091268 177.281836 
6197408.420647 42549789.737330 2.567934 69.947524 53.448140 83.305605 
55012390.308279 57064824.614413 0.543708 64.227481 95.061706 177.166083 
23466303.484877 63384766.098090 35.896777 69.823869 76.625552 80.057059 
22051747.415516 31094159.957560 9.489596 51.715461 1.291959 173.938136 
8361155.656903 41521101.476103 44.166161 60.222556 10.301063 177.164225 
12787561.072645 44595347.018587 52.666401 61.622996 3.315225 173.889424 
4321709.422117 54679121.433581 44.177262 50.979940 53.162196 169.051457 
38484209.562100 41602976.731947 21.417944 51.495528 75.031068 169.336639 
4042464.749742 60074235.930852 43.280679 69.176260 114.444186 128.216603 
35218189.891216 38642622.897900 33.370219 50.538091 0.675984 134.566819 
33930027.681843 39254349.014990 7.179399 60.085246 12.987607 106.234825 
47307552.864269 54645541.198823 8.271612 58.212692 115.084225 128.781884 
4928805.510268 59231976.777133 3.639361 57.284686 96.128122 97.368294 
9276459.695846 32046928.651508 7.659304 45.120149 0.002910 177.407760 
27244943.296409 31824598.877383 6.805597 68.773058 2.341656 166.466837 
52552072.277919 58244510.345229 3.468544 64.809128 107.942688 127.898882 
7616270.942819 41175166.577087 20.521983 69.934732 116.867988 168.991931 
57998229.987614 58810162.297530 1.397078 69.122834 8.664197 174.590867 
47027541.695878 48659670.189479 3.419384 66.509234 7.009375 174.119726 
10757104.975768 53220260.714698 56.702800 62.172886 15.734699 169.213544 
59153825.074600 60341893.660039 2.449661 59.850925 68.855393 173.168757 
44138267.512848 54568266.583674 48.176307 53.932957 0.261187 176.710958 
6190644.990908 63657117.466260 44.812142 67.154690 107.033576 177.405470 
6430562.852571 63761636.836170 9.406883 35.292362 117.630493 130.316215 
17052891.700737 59654366.013473 37.500479 37.906598 20.937805 174.550756 
4851844.415775 58605383.228718 54.678463 58.081881 4.020583 176.662357 
25469644.782576 63018644.121623 38.410869 62.226020 120.549760 126.750511 
8353562.575267 50617466.342682 38.424564 40.715031 12.678881 158.027676 
24393796.175950 46083506.751303 30.899630 61.911434 61.202090 82.289322 
25109938.101149 31464572.433969 0.630628 61.713385 6.514222 172.448197 
10433559.825151 50245465.354951 32.508291 38.580035 92.746240 113.583227 
46374117.557627 47685212.368856 3.069745 69.608934 0.080089 176.553785 
34999573.990818 48268822.975994 1.252814 69.269949 17.029716 73.418721 
51202652.431402 54904014.007722 41.882305 62.778483 9.757689 177.120548 
49982845.494522 51787794.566270 11.145847 69.416221 52.683444 175.661910 
31210917.560476 62661812.470816 14.092951 45.816659 14.436199 71.435000 
53551324.823750 54610146.098771 2.483064 68.784803 1.649042 158.556344 
4517895.421303 62464304.071845 17.308270 58.829658 86.036937 89.866723 
19717579.424423 40420744.578578 3.331495 51.902711 5.828593 83.967491 
49771542.415766 51130052.327116 6.326545 60.372668 6.812201 166.685879 
16904771.775133 55520767.633439 14.907653 54.595303 114.420414 120.445753 
31006444.512591 50992943.697806 7.660048 69.913341 102.733295 118.677510 
40723187.739611 48109309.321661 37.269891 46.741017 34.362097 97.470884 
28362056.758829 41820869.079182 10.815451 48.733491 109.219688 164.393116 
3978854.259786 62383404.920107 8.912540 66.260321 112.183955 118.085763 
34012060.999644 56341268.636443 37.301563 39.883444 108.897070 125.066907 
5111437.006059 46287485.681446 1.421856 69.142666 41.647540 79.969364 
41663579.966523 46221784.519379 34.174009 69.165375 82.017805 136.850113 
18549808.499985 38007560.096638 41.822343 61.572058 1.094299 171.860515 
53868918.867919 58288842.180126 3.575884 55.126501 100.548184 143.892664 
3968742.468176 64202928.554380 57.255170 59.160898 2.497420 176.323058 
4975796.003276 60875959.449723 36.003285 37.441131 1.560871 172.198597 
40289395.969652 50116505.951995 34.520210 54.713126 98.672495 125.921019 
30433578.319620 62438808.113345 38.196490 49.427748 120.625405 130.071486 
5709076.304244 51144722.753666 0.679178 68.191498 6.262810 11.991918 
46869251.921397 53992786.149107 14.177695 65.975406 91.512133 100.361319 
10584726.368032 54401122.782625 58.842251 60.851298 15.619956 154.461609 
42900538.210421 51179024.391714 37.791491 46.869824 74.376319 121.669969 
4560469.235853 64254396.832355 59.347972 59.987829 1.621736 145.109571 
28635847.050867 32554970.924180 26.882531 60.410164 2.932684 157.532328 
34160212.180380 51288167.104612 35.023165 65.973143 86.633963 110.063493 
55805841.714537 56938873.641905 8.208185 52.346962 0.343179 177.399587 
4458407.918104 41989699.956527 20.506706 69.956801 114.750671 138.616353 
41391410.906498 49348130.128361 36.781759 45.118961 73.350714 96.151815 
30507426.683235 61310028.695508 40.403005 56.907482 101.069609 176.889966 
4867944.118009 51496531.964091 41.038001 48.584168 43.284889 95.848925 
32271047.889082 38481439.964800 16.280381 68.318736 57.815312 141.278467 
43175665.280487 44441309.774597 1.172062 67.060672 4.842976 173.862714 
4144936.247246 40541462.742742 16.429410 63.293256 1.777173 36.408015 
57875753.244451 58998341.384855 4.816161 69.520988 24.551095 150.332991 
59658060.013972 63261027.377610 32.127041 55.138207 77.338722 98.362615 
44888338.329356 63692462.047970 39.737400 41.003080 57.107530 95.984117 
25866742.044025 63236343.107513 43.530864 55.042596 113.777660 147.751686 
17713065.394580 34595755.435993 32.025224 52.130134 6.578932 124.304104 
48195388.645667 50297064.340532 2.747084 67.840618 43.610333 146.600800 
43769280.149042 54137958.359057 57.496813 60.639627 3.400291 176.380479 
41411736.569832 60620959.618413 43.684700 52.854456 57.752354 165.882364 
29940590.625217 61417685.669726 2.608538 23.258002 0.015567 168.182715 
13960051.474927 39562712.264755 3.238732 55.948065 104.587273 158.863942 
43210533.516807 61970357.922582 43.839604 69.554822 42.410052 123.617297 
27378074.727537 40277371.217372 1.257029 66.247909 100.861678 164.550916 
47465388.001340 50025193.806437 12.998629 43.717528 43.916241 120.844640 
41367284.301964 43113324.927747 4.684418 65.918018 42.211188 123.676510 
52221217.082269 56179358.406226 0.792783 69.888825 65.321270 90.964215 
3967703.888639 62896023.409150 20.814387 37.398146 76.043120 81.616410 
49966296.214700 53538970.565345 23.221344 37.407080 47.191001 144.129878 
36872674.482320 43833617.277426 28.768349 33.882576 78.371392 154.824815 
27169682.047931 32378427.565997 24.615486 52.669085 3.160791 177.397568 
9277967.905426 63342317.984618 40.253296 49.522874 114.636948 124.843522 
22227275.865206 56942203.197882 40.382677 58.527517 92.771341 129.495064 
44379148.430009 58464397.556593 38.299608 44.178078 83.744312 165.143155 
44890126.102855 50078554.974347 17.773031 39.689000 78.692502 98.567744 
14999881.029014 62673164.768485 41.037580 49.062161 78.868725 89.387574 
30077881.528349 36768569.835841 9.642587 69.693057 33.995797 150.222323 
7749850.315769 52172427.225896 7.942896 59.465390 110.792461 120.310912 
10194075.486347 63484335.464856 45.507533 54.363864 43.346245 147.244864 
4065716.887365 64204955.473978 51.607825 54.470168 1.530739 177.409233 
33796675.699943 37903745.277365 1.873531 69.433578 13.603381 177.031465 
26779592.028027 46637730.033032 34.020735 69.759632 31.132458 82.763186 
48413687.047127 63567109.257328 44.710711 51.516711 14.505624 174.382922 
50603820.712290 54076853.610448 4.539325 63.846009 0.525682 50.369354 
37943912.185157 40893611.241996 1.033251 69.769616 48.862228 164.740531 
53662557.413167 63803332.771700 33.842263 36.077239 63.021437 134.317602 
23578253.227573 34288539.100667 27.192389 67.718389 44.115458 127.617684 
32721607.210569 61789983.804228 39.438277 61.772631 108.093627 146.899338 
4761126.459586 64183991.907638 44.656934 51.570972 108.654649 128.943492 
22681704.741505 42071941.330597 33.554745 66.858693 114.598271 166.337762 
38529594.269255 47109738.319340 6.071637 63.415151 118.341030 167.850030 
35213978.537225 63437426.967397 41.829140 66.737667 112.448076 173.029778 
4589228.030013 48130093.894208 32.180160 47.046958 91.974531 98.181248 
28766411.870844 56654130.488505 41.386480 44.705025 10.010879 174.206885 
47683833.283452 55163472.921039 2.801348 50.012848 107.978422 124.317076 
5263376.116107 63373244.668569 45.194365 53.761664 29.277218 160.563912 
3980438.228591 64200021.006607 40.763673 60.064750 108.963414 154.948994 
40118949.168167 57079851.233232 41.222441 67.785204 29.281915 110.110081 
8304121.339639 45549163.703462 37.500186 40.537271 0.426034 177.315406 
36183402.716945 40478744.529840 26.692672 41.698374 0.026118 177.335791 
49983188.161234 60452069.928274 14.971113 52.335536 121.711233 151.252800 
8560092.185693 51247235.106699 45.534808 50.887054 0.011586 177.415817 
22534421.369888 37554281.507164 7.676807 50.152829 24.791361 100.027048 
33905120.611833 45287339.355853 0.566299 65.963303 115.429228 142.201489 
10251601.974587 54683611.386612 0.705503 69.965494 49.654765 76.190418 
8777178.000391 63760615.001548 5.025552 66.983988 100.370063 114.398940 
57713705.557622 58558108.479410 17.608533 65.545290 0.338060 177.409629 
4785432.023465 64143116.769111 38.090449 39.111452 0.016919 173.932844 
27866062.237986 48815006.220953 41.403945 49.118560 25.178488 168.959949 
18514360.283266 37427277.770773 0.568359 69.936507 60.023851 109.700233 
54136512.226000 57691175.308531 29.035493 67.893439 3.122431 38.564946 
39515790.554493 52926110.295276 17.169120 60.695983 120.217105 138.199020 
22139192.823664 64126235.345418 1.227387 47.506446 96.197374 97.170487 
15995384.559121 35321619.812933 8.998235 49.059101 65.897398 177.150724 
3963883.311348 64251486.176428 35.521463 52.111670 79.259147 86.560956 
52948805.777527 54997417.046407 17.837955 61.325254 53.098960 127.056329 
3963910.559599 61678741.579316 45.155615 62.135812 24.671464 175.055412 
32984583.753543 47230117.680886 27.897387 53.776946 17.256328 82.260784 
38924941.430681 42495640.699782 13.855277 45.714690 67.337760 124.637375 
5457874.024303 64052948.675565 2.901299 62.625179 74.631959 78.744397 
58468689.171754 61016753.410758 10.681655 36.425718 47.007869 138.612133 
15334942.871067 61045834.468671 0.830987 69.846315 97.834327 110.878281 
32835676.741611 60573325.603422 4.864432 62.409708 71.936054 76.477577 
38000117.641333 45093932.887572 23.873117 68.180883 29.879476 91.402421 
4192561.156572 63464678.159776 9.893822 63.697031 87.710728 94.142622 
23782884.625786 35891969.983981 27.860394 69.349552 24.052085 157.302594 
62561336.564748 63217154.812711 1.195266 69.670788 2.015291 176.636565 
4318853.698092 63317710.588360 16.819731 26.180636 10.107639 172.484166 
51839578.412506 54442949.495055 12.109077 39.258543 23.853448 172.972286 
37716375.707965 46553865.763118 22.855343 69.609877 115.747858 159.701315 
36429520.123502 40036174.359475 25.819213 51.493771 67.018407 134.527049 
20414554.453315 43176626.735482 35.647410 53.107072 71.818051 108.326694 
40927992.122909 46743950.413014 1.692367 42.461481 14.919133 94.016933 
14193065.666959 33775115.110629 0.508048 69.965248 32.835466 173.499787 
30693908.047951 60280176.545560 42.256505 59.537863 22.845584 117.811549 
42970423.353040 46169786.253904 2.096953 69.147317 5.952740 84.844136 
44873579.226651 46672615.548070 23.800290 52.074655 5.805114 156.067153 
61567441.448081 62514387.885036 0.536676 69.945127 2.968637 163.161619 
9794611.611754 34331947.075408 6.511143 66.425750 20.631121 176.546765 
47955347.356159 54321052.317707 33.916037 56.274115 92.455175 144.672646 
55822458.136678 60765781.601583 54.054693 64.846279 7.517007 177.177183 
37448174.925475 40912639.295575 26.981239 67.390443 35.440459 172.086754 
13833995.296791 60927743.774689 44.606953 49.450946 32.908802 175.980319 
23885618.741173 33606288.635517 3.386900 57.168917 10.809760 159.747180 
10108305.818413 33135268.280941 9.474563 69.961331 46.370712 173.856041 
17665370.633633 38187458.541541 25.607492 47.857390 96.475340 172.097167 
4083489.614136 48732111.635928 41.497735 47.482941 6.387992 166.573652 
10944804.632930 32938091.024190 3.894940 69.960894 33.188391 163.597168 
34938489.680440 38913909.411015 8.696231 67.659759 43.649858 138.982636 
9473731.568656 57929929.679368 52.922028 58.936200 8.885065 87.331090 
8732226.485484 40601821.824824 8.753446 34.936528 19.358985 155.928819 
10835973.111126 32483313.816528 3.631526 55.053155 11.320320 124.465923 
28563320.405855 38639563.509882 2.163456 56.915333 57.637787 115.042391 
4269822.339361 55518110.764685 35.137235 37.354534 0.201348 170.611362 
7997858.759245 47596381.965112 40.892323 49.240410 53.609637 160.415924 
27244224.286961 64066286.551101 59.538340 69.073440 1.597939 176.916176 
23187187.890773 39042699.733579 37.198923 54.957488 59.495577 152.837350 
7084321.892411 34045282.395218 4.491649 69.875411 34.840513 177.317446 
13604907.984383 41800351.879515 28.316849 35.253531 3.108982 137.988653 
21376498.067589 56144028.032576 36.716620 51.113493 73.361166 77.981738 
29918348.610891 56499513.133785 50.004078 52.181746 0.020218 177.180535 
11146589.768768 47543116.264263 33.715040 36.552993 37.473579 170.846720 
24749613.127702 50985670.529266 30.235519 46.039201 121.634715 139.805590 
22934251.938677 63399122.004989 30.474657 36.037132 7.159729 87.029191 
8145202.052358 63063272.375363 43.970434 47.652347 17.755235 166.598279 
43236687.764342 56607082.377685 39.190646 41.950166 72.059746 156.503422 
10426336.843716 53924118.090491 59.190335 60.638306 10.579293 168.929949 
57395940.764094 58692639.548459 0.506827 50.600528 18.805591 169.604504 
25808146.514507 32857825.011199 20.323263 65.047729 13.082205 163.416615 
19860890.420768 58773983.370924 36.371675 50.412883 87.408369 104.547554 
8164887.132784 32450958.698774 1.129358 67.552092 60.888191 160.012581 
45655770.587363 54033512.747686 33.945579 51.608596 104.479456 160.190066 
45193135.618465 51580879.954822 15.785247 63.380007 73.251214 91.337482 
22921507.013224 51447117.219002 58.917039 66.753642 2.040491 177.416973 
60927574.122709 61709381.658296 17.875280 69.343070 1.863919 148.889172 
25069906.109153 64047174.321378 16.844578 33.305647 78.381011 94.696598 
18272159.436960 35245315.354588 1.725897 69.506198 40.704223 176.387209 
42652047.732643 54492767.534736 7.865848 67.799067 80.915003 89.869635 
42851684.968450 50711413.713372 46.302832 55.783877 0.267001 172.489266 
4716401.972148 62015950.561177 47.771925 50.759376 1.994962 177.335304 
57459488.617455 58783029.566651 0.558789 67.752070 34.927375 132.322383 
18918834.287736 45501687.949040 37.172455 39.880321 23.023899 162.786577 
51478434.596314 53406097.551507 11.017251 68.958537 25.205310 176.880644 
4284969.289920 63252545.383108 38.452044 39.615066 41.184686 159.088309 
51576810.566868 59276382.759251 33.174799 60.815210 113.801844 130.024925 
50463224.137370 52335183.915413 20.933444 46.553320 0.132746 173.930418 
31263383.660052 46274193.331041 25.404519 59.974390 95.510039 103.125304 
31195639.312347 49369737.093974 4.927214 59.535536 121.104423 127.834576 
4428038.714856 64259566.752231 41.868242 53.741010 94.226560 162.929312 
38725822.115557 60026599.390235 51.465369 69.475454 17.866362 169.820154 
43887290.572005 52835435.698004 11.951232 60.008809 79.516870 94.305365 
26574345.609168 32960222.668809 1.693775 69.728256 12.390597 176.826270 
4220215.475017 61212414.785590 2.249864 25.165086 0.153628 160.212704 
3964535.132601 64152163.442759 0.713372 68.836705 106.721573 117.720747 
4129416.724243 63052483.906517 55.700713 59.031758 4.285635 167.952001 
5526035.908501 63950331.595858 53.496737 57.656930 0.115979 174.137853 
40191326.506762 62636955.856605 0.946888 69.676732 57.604698 74.653648 
8339350.186650 51938258.439090 41.007599 46.460263 5.361152 177.391082 
4721963.534616 63996461.344694 5.747170 26.155243 19.367868 121.056133 
36763072.327616 41715888.024990 2.634676 51.035203 80.556280 159.057818 
52803975.219407 54483111.334906 19.676455 69.912872 7.449774 177.078740 
43993005.467253 45636445.596482 12.022360 66.087959 4.132664 176.528884 
7922040.618885 61941603.758203 44.964810 65.850262 21.602376 175.599940 
36231977.876668 52822699.139633 27.650374 57.772120 34.204467 79.606682 
30039767.641472 41601050.253078 38.868491 58.117581 7.294902 177.320840 
6497925.499075 60328878.961790 22.681326 29.960152 0.766055 177.363138 
30174609.340216 37519110.906292 0.509467 69.754882 62.340378 145.750626 
21730329.177975 32160178.696218 1.437795 69.575736 11.243703 174.311582 
6620398.343266 35801596.058357 3.950782 69.872674 21.083549 164.036459 
34639933.080734 56344146.350260 6.342357 65.762427 83.578513 91.773771 
49184581.427726 50795202.147543 9.720596 69.843425 1.177336 177.336460 
18199702.776278 60474884.403405 42.720935 59.307626 80.211269 162.700746 
28977079.688979 55149582.653545 6.860405 38.455457 120.946547 148.528517 
38348550.394426 43230181.398079 27.064881 41.558769 83.751236 131.439170 
31306397.885973 38402639.010310 32.101815 53.922505 0.030879 177.414023 
58614821.510403 60521859.637436 14.397087 69.027578 52.800309 118.689829 
33421640.263746 41523055.157479 3.773929 68.605120 88.026056 162.575744 
39455383.979323 42177377.426255 5.744149 66.882665 0.102819 176.829341 
47953633.139325 50253523.946261 23.030139 61.589625 15.337913 177.213924 
37403382.147327 58279413.633395 0.841350 69.794804 101.937382 118.081849 
53810129.066029 55379417.844338 1.223293 69.808596 15.577490 159.251625 
43646765.722474 47827657.064969 6.516028 36.424329 0.319799 173.929106 
6077252.677254 62314522.022956 50.102241 52.394726 2.631311 152.951197 
32566221.368178 44702923.387599 19.889961 51.011224 111.490464 170.842093 
50065782.907121 51630569.229733 5.243150 68.128157 1.959748 176.990934 
14771397.346778 55479701.153290 2.234872 63.466627 16.162292 20.246955 
6017495.625512 48771154.584924 26.684318 63.271880 96.955197 105.171021 
15455083.527587 47560751.118143 53.747783 67.562807 1.123609 175.031498 
23816578.253182 32041107.824005 5.269220 63.971079 1.324448 175.397726 
14005746.440226 31710611.955758 4.022792 64.006758 0.365201 149.805745 
36892840.073022 50383454.860757 43.037805 52.261863 5.625659 168.781751 
7809541.372040 53835081.309611 50.668707 56.744323 2.506707 176.844524 
31591374.396670 47417281.292041 1.816745 68.691881 118.256325 147.675580 
50852647.133955 52773678.199281 6.150696 56.907306 13.470390 175.541764 
45583282.195633 47369910.436253 25.096833 62.284186 0.984741 176.307597 
29442606.657959 64031045.214393 41.862622 56.707202 91.811898 160.481287 
37499147.452929 52151246.389714 41.391420 58.534860 56.957979 168.884981 
7693966.047422 54272146.756707 42.478972 65.781004 21.079091 154.509290 
39042574.497693 54602993.393691 46.121835 52.635651 4.765581 175.052242 
23455801.819403 64245965.029947 33.333566 55.059706 94.013075 111.024412 
38914724.214888 50989095.863890 48.246564 62.148262 11.469373 155.575230 
4144902.282223 41656871.101274 46.921150 68.858927 0.100758 177.369638 
55486021.617782 60190814.406521 38.485436 47.905751 18.278451 137.195611 
8580198.310533 31956897.416890 3.402113 69.966440 7.083047 177.090231 
41624373.790715 43634517.995629 22.923837 47.530711 2.455405 161.665829 
4095851.019619 63429903.708156 2.810167 63.671573 122.508848 166.639980 
36056195.420557 39770162.859952 17.670355 53.687514 22.027876 174.180847 
54901395.554026 56687542.760981 18.816683 56.605588 15.809914 172.963836 
14262500.176658 42579078.883091 16.163087 69.278814 104.445405 152.293812 
9552440.727376 55634568.583894 40.762909 43.960894 47.514194 176.630071 
42165336.142485 44572798.976387 1.418655 66.507266 81.654704 165.127478 
6349959.982512 61864565.364813 38.087138 59.700049 85.808775 96.475017 
40000725.209673 47055973.507839 29.209725 36.041308 91.290244 136.266486 
4790810.887283 64261386.381789 22.912856 29.546628 26.326948 161.857882 
16245372.376543 61991694.509602 41.827710 44.140073 62.416805 156.799931 
24685569.468640 36625888.153357 11.647395 69.781899 74.981513 150.507673 
45348713.090843 50298221.249740 34.660518 46.221178 19.687067 129.581849 
39092796.118575 61138282.302245 41.978276 55.263158 80.802186 167.946206 
46406370.460597 48537080.080960 21.020681 54.263518 0.115385 177.415307 
5487227.336594 59263338.578405 31.832853 33.179777 0.227471 175.526793 
28108080.087258 39937430.345153 24.914550 43.445049 88.410543 151.412528 
5223766.258758 34559706.760862 13.067829 57.081929 7.310731 174.281068 
12184148.179568 32640482.977128 1.040108 69.830623 15.775678 164.700942 
7525705.561627 56875019.832301 52.498466 58.047945 0.225661 176.906352 
17036579.334000 33754920.303304 0.908442 55.378566 5.653463 159.787797 
3963869.513021 64260045.769650 51.439579 53.818122 0.359501 177.417691 
4896305.438314 64099973.538439 43.670156 63.878652 87.036210 139.380074 
14444986.690800 59363722.219019 0.558902 69.967780 79.754937 84.002886 
48778618.866198 50708017.843485 4.288991 62.062259 9.499280 176.671704 
38472370.053886 41112156.550218 0.512627 66.149052 4.517406 174.402507 
39394561.403072 42506157.814339 12.958815 69.829665 13.968496 175.973849 
12620604.209205 31851353.451214 17.337520 69.952515 4.057710 177.293414 
47513614.994609 49761405.244210 16.046815 69.459760 14.887553 175.670009 
28664195.356660 37102638.463601 21.900426 53.531604 69.680010 161.306440 
35227625.397152 41218321.895399 34.096921 65.721337 6.719842 111.174128 
20579976.876075 31747813.392651 1.007118 69.869834 0.086267 177.355192 
61865587.874488 63271963.710467 6.426939 68.974174 19.419473 162.123379 
8284088.053063 35902333.899652 12.369072 51.645379 39.776498 176.296820 
30770787.815475 48467556.251682 53.890701 65.615329 1.298327 175.953795 
6282424.896523 63990779.157768 0.889969 63.343208 90.473763 95.797355 
43709107.605797 45569079.322330 6.542492 55.421153 3.398680 173.303811 
16098739.956138 61457455.690546 44.040269 53.384660 62.342369 157.949490 
12019993.651045 48020063.764998 40.440854 47.227115 17.399232 157.871970 
33249492.254923 63587645.410530 34.097058 37.289328 59.081687 103.740793 
4161489.526118 52190660.820355 31.009244 33.848090 83.632936 165.157649 
45705052.559863 61702978.887006 29.440319 31.454374 83.529615 133.871832 
3969417.395844 64078794.898825 11.485505 25.069993 1.642746 177.075893 
54901381.546382 56660231.895636 7.669736 51.047281 33.491096 175.851662 
51070975.546822 56080389.074958 9.703980 64.943091 85.467569 107.586865 
39921556.513129 56856812.673264 58.763543 62.628195 2.888721 163.488518 
36317054.428929 48336269.517331 6.732115 42.662520 96.671934 108.679472 
45491092.211276 47940231.816751 0.551012 64.477931 55.474905 175.464473 
49842648.887788 59454957.881872 0.735963 68.372240 97.991271 121.179308 
22604592.779366 32363822.706082 25.505609 68.049196 1.507850 162.852650 
6495204.066575 59070779.867507 55.825871 59.487470 13.798510 168.734278 
4058723.560849 64261399.969280 28.670028 38.467498 122.194349 145.734368 
48670671.739605 63397254.449844 27.468774 30.396854 1.883470 107.395465 
52552856.910097 58166868.901411 50.983251 61.019665 0.106343 177.412090 
7832303.866856 35325928.125246 0.802116 67.653250 4.102196 123.539650 
36810708.853568 41223013.944564 22.650651 67.750715 25.331560 176.369275 
44932912.294951 55673907.845410 22.842578 34.989619 84.277651 107.071049 
48883923.799940 54026705.320547 43.641934 69.080221 5.226215 144.250656 
13284951.174384 60025615.589268 35.635765 47.256690 80.634832 92.695978 
4476934.942272 64196339.822549 49.939883 56.091259 7.673348 177.304130 
3986520.935720 63995067.218563 33.758662 34.718534 77.488841 168.413702 
43727766.237109 47387732.782735 10.237827 69.533889 6.630469 91.506950 
28667972.240076 59065496.951464 31.813243 33.504259 31.968730 175.491951 
44012628.158079 45819623.600338 24.771242 67.571115 0.258112 173.149429 
35838260.666793 42086448.883491 1.519089 50.304564 86.917552 175.247527 
24164807.025838 35197772.353545 0.911094 67.709832 0.884559 174.170836 
17568527.137677 36427785.071512 1.171628 66.301263 45.974511 127.515880 
11019214.149673 36387420.734634 0.575018 69.842902 63.488146 172.996847 
55144648.294569 56483871.228118 0.523446 69.968225 4.167358 175.044132 
48272978.195410 50024701.616438 0.852576 69.928934 0.617435 175.945760 
4123672.324932 64107656.049403 43.433499 47.443258 6.371971 128.633102 
5859188.290210 64226756.920301 37.864218 64.256288 108.637285 128.625584 
6308449.471622 38662887.019848 18.942456 68.312512 92.161493 157.477596 
15161557.637011 37144278.083493 28.749025 43.445136 59.368942 172.735251 
22918531.535113 54468395.320694 58.590003 68.683025 0.085818 176.722495 
38634232.340350 59200701.398458 41.855951 61.676999 79.123565 139.275945 
43387649.492244 45902077.801139 3.640552 47.029720 18.053572 176.305981 
54180246.736859 56094589.194650 1.619082 69.838620 63.266330 153.876268 
4536756.407754 42902397.062516 5.364006 62.891624 104.179394 158.724012 
49146247.649659 58143174.635121 15.852158 55.392142 112.393337 139.701521 
56657270.580879 63561921.405988 2.719662 69.785637 116.833831 162.126741 
31373956.693390 62335741.513690 37.346134 42.939555 120.338166 159.072301 
4102965.875928 49989739.788401 39.748249 43.689064 31.412451 148.072478 
34175649.174149 51489400.675453 28.103171 54.783744 120.736060 166.775040 
47980515.492560 53882647.176132 47.357946 67.662405 4.094237 141.109345 
4083694.625826 63380800.324584 39.670744 67.197875 102.552556 171.878503 
3963999.330037 64231488.594840 44.357443 54.715978 49.842321 166.093284 
7437193.962892 63947486.895659 1.442854 59.186577 74.331867 79.558283 
3990195.748936 62882295.089936 4.537263 25.894717 0.021063 177.417578 
28587801.080438 52662608.310667 5.042152 65.870199 21.075627 77.302559 
44580796.955236 46289911.107673 0.528689 65.109305 0.905658 162.054092 
38186217.439182 55867027.069758 55.963162 60.826990 11.561662 170.967593 
7479359.501627 51076677.757819 41.651112 66.984829 53.161548 158.864551 
4611842.030095 35879216.729257 30.769803 65.759972 4.960469 172.057493 
17575079.800419 63017601.744579 47.518060 50.157782 5.190695 173.459145 
47598190.200445 49689804.053977 28.161190 64.281001 0.619908 176.801245 
23224557.072344 36258888.694962 0.679004 53.240507 13.033552 176.796221 
34807349.944944 51225020.271270 29.532622 32.927440 30.684018 110.423544 
31729036.758758 37946022.213212 0.538781 68.521118 1.091246 170.250893 
54696767.021768 56653663.604819 1.758111 61.995849 11.628436 113.948886 
45156749.601688 46937693.005044 12.836519 65.170982 7.836346 170.211435 
48032844.186385 50599129.387990 19.482380 69.036390 15.683674 141.993460 
23177658.919927 35706543.712011 15.766365 69.536651 9.894751 175.046909 
32454836.733894 44888663.577875 9.602142 67.968806 87.563853 110.237767 
34008416.178053 49715836.470447 28.023700 64.784873 95.411897 103.983551 
40164646.124558 55068119.397627 32.672673 34.181602 0.381907 174.950261 
22356664.580175 33582744.479308 0.812701 69.837506 6.554364 160.477779 
16900094.420658 35092711.665079 17.356442 67.233351 4.237724 148.001856 
16950930.012500 46354030.670325 30.819401 35.500245 1.553774 177.256918 
33099381.043404 50938313.758910 39.330561 43.658292 0.018021 165.317101 
43855416.285387 46295955.847379 6.138675 67.634927 28.091124 155.842294 
5604341.056391 61695561.369840 24.210080 57.302886 53.720107 75.297277 
11540464.499592 33435102.224976 25.110614 66.313223 6.072701 176.374670 
17491489.842398 49633514.914876 54.790740 60.416222 0.012238 176.368788 
18925758.874356 62500998.306680 58.207883 59.762690 17.531248 175.041422 
22290293.602730 38230267.558614 33.859091 66.853710 67.750368 161.082866 
36039718.520412 44767482.103848 1.545444 68.448790 20.645456 90.323336 
53820782.278627 57479778.773780 1.850375 69.282306 94.975292 123.464710 
37447113.440617 40565361.200090 18.694127 63.587259 2.367091 175.125732 
57237448.837808 58477189.640822 0.806592 69.246255 9.586606 167.504831 
35304413.150286 54182692.262715 14.562714 62.876140 74.981889 83.379911 
39042522.582454 43940202.344790 34.995101 65.428275 16.032554 145.953061 
27817247.257629 47371164.235471 0.562989 69.934494 119.179347 175.054522 
10232790.903749 43415529.467592 0.515881 69.965770 99.119700 126.789241 
5553858.604676 46008642.182543 1.528530 32.274455 41.300245 177.320215 
6290108.725040 42164585.433901 29.096881 37.196605 29.167847 172.402137 
10853841.032142 63912199.662897 52.180420 56.838222 3.962150 174.858694 
5688467.491051 32273425.202893 0.563620 67.276963 6.059685 176.387382 
58519438.121211 60457664.563899 23.825904 46.768553 70.366347 122.986066 
13921499.079434 58430031.311391 30.057889 37.926922 23.443648 94.126085 
26443506.234287 45483103.767613 11.364883 64.690475 115.289974 136.595628 
8203427.756946 61882282.695876 39.515050 69.737939 93.380043 135.829089 
40807802.504400 49227124.564458 0.661592 68.856900 107.187963 176.644194 
34832437.542623 61922824.958280 36.451209 41.347816 116.928700 126.143138 
60339241.665665 63176118.523523 22.031487 67.658879 3.730707 32.856134 
49885747.914857 52553700.162254 29.406701 69.696279 52.870779 177.160978 
4014790.356642 62995963.122438 1.014174 61.915670 98.578634 115.020424 
39414335.549657 59285641.005033 5.823097 51.241344 40.920136 76.286977 
37659315.035996 60735158.653008 46.299534 50.162617 0.493541 176.431861 
34618257.074918 53028926.836870 35.357223 37.960715 1.071265 135.858478 
8924904.276035 34257049.124520 3.363435 61.123237 6.746288 177.397964 
60081037.643555 61881982.707992 29.037712 63.211101 68.990109 177.315084 
47510301.426863 56733206.737215 53.848181 63.739443 1.409070 172.625880 
42488707.187505 53082260.526141 26.936581 48.111714 113.374617 132.626658 
49435586.162361 63009996.186332 9.927292 68.027740 71.167175 79.628722 
33507269.317167 40015608.939857 31.361210 57.219250 8.036568 172.199666 
56186756.144399 59987217.474816 18.957398 35.435842 3.601272 175.542110 
33881235.501214 48370411.058288 0.797333 31.452440 29.821385 116.871949 
54997419.881794 59810061.827012 21.402249 66.187719 87.154478 113.021822 
