22899776.837970 69740346662.894196 0.134590 9.833615 5.986377 46.249812 
93475207.688743 69740615479.042404 0.001123 9.834325 10.141118 46.174476 
18955510.838321 69741362377.437958 2.069848 9.573573 0.005230 49.521599 
19319383.677482 69741349820.061417 2.093872 9.597025 8.291438 48.757007 
19086533.785805 69741362376.112625 0.001123 9.834330 0.949215 46.163128 
18955794.647835 69741216740.283417 0.413326 7.827201 44.367288 46.297593 
250417130.534528 69740252919.862228 1.718734 9.524004 0.001014 50.950393 
1931358662.489341 69740725947.842850 1.743841 7.923015 0.001003 50.950393 
1210691774.090327 69741361882.566727 1.492767 9.269734 47.023444 48.377003 
18955458.474884 69741343785.792419 2.037767 9.822660 0.001101 50.943180 
53956859.861407 69737609201.231781 0.413088 9.401678 0.001113 50.950386 
18959666.278393 69741269236.215530 1.930361 5.103025 8.755064 50.870349 
30878868.950986 69741321424.247864 1.885358 9.819699 0.001005 50.950391 
18955500.430339 69741286352.888184 2.020789 9.815870 15.567093 49.606734 
21634315.765298 69738022019.227783 0.904782 9.800445 0.001002 50.928808 
18988316.524292 69741159419.906967 1.216354 9.756935 44.932347 46.829929 
21063216.803805 69740961481.863434 1.746631 9.832880 0.028667 48.375091 
32886786.214272 69741306944.600876 2.033907 9.673783 0.001000 50.950393 
19203336.824208 69739003732.081238 1.191766 2.428212 0.001009 50.950393 
18955464.005828 69739384045.581757 1.379506 9.632279 0.001000 50.950393 
19083460.147176 69739148613.530807 1.346948 9.834224 1.007941 50.938592 
19115220.275610 69741352602.689133 0.753588 9.690957 47.406917 48.329808 
18957779.371377 69741360403.260590 1.842328 9.833645 2.908023 48.401599 
19767508.405346 69740503562.337112 1.783687 9.814572 0.001089 50.949677 
18976262.041804 69741347188.190613 1.917035 9.793594 10.284166 50.334329 
56885067.488932 69739268370.250687 1.516960 8.943480 0.001000 50.950393 
47771491.339376 69740801294.777100 2.009106 6.669774 0.001349 50.950393 
252229772.288348 69738158552.731491 0.817071 9.650157 0.001000 50.950393 
89871653.738625 69739352086.927917 1.349334 4.728907 0.001662 50.949718 
19560120.850554 69741141337.100266 1.870294 6.243977 0.887685 50.802773 
19093917.506276 69741362121.611038 2.151006 9.800386 0.012981 50.783254 
18957732.177186 69740747111.353912 1.645671 9.536793 46.564359 50.379638 
20719201.086653 69741161273.083878 2.064592 4.388622 0.002653 50.949259 
19516324.195272 69740687242.076782 1.835212 8.412520 0.001000 50.950393 
18955452.112942 69741362366.600418 0.014903 9.826119 17.071886 46.188217 
18955689.220496 69741351689.433228 1.219777 6.389076 1.153631 46.886759 
18957206.448326 69739099070.790817 1.498071 8.818217 0.698360 50.942400 
25363828.740558 69741201446.973495 2.004603 8.948327 0.001000 50.950393 
18970991.652094 69740921968.378922 1.963528 6.235146 0.001000 50.950393 
84814874.515850 69739095963.267776 1.685622 9.643278 0.001115 50.949690 
18955481.438462 69741362378.742630 1.893982 9.698750 0.001002 50.950392 
18955478.936738 69741361438.754761 2.016672 9.660948 1.603326 48.839990 
18955858.840668 69741362370.220886 2.118867 8.380662 0.070401 50.627956 
220688726.190968 69737629720.826843 0.385021 8.981621 0.023354 50.946325 
19050978.465194 69738139716.464539 0.818217 5.402922 0.001024 50.950115 
18955470.793538 69741345729.126633 1.923883 5.609844 0.001000 50.950391 
18955907.021451 69741362378.270844 1.929002 9.762601 9.099844 50.434948 
48213728.655140 69737996134.015045 0.004690 9.778753 34.694080 46.396036 
19138141.593069 69740583906.470963 1.644914 6.891387 0.001006 50.950354 
19275986.539580 69741300554.662628 2.043861 4.159523 34.477266 50.422726 
18969870.874320 69741238130.573105 1.953303 9.707488 0.001000 50.950393 
19210477.588110 69741231281.651260 1.864563 7.315825 0.042850 50.770877 
18964074.380199 69741362377.747879 2.060574 8.851026 0.001000 50.950393 
19020371.821291 69739062291.040909 1.579833 9.805218 0.001000 50.950393 
208519301.446577 69740191517.228668 1.635070 6.863226 0.623862 50.950376 
18995395.176608 69737779585.302948 0.614673 9.459817 0.005110 50.950365 
18955538.076993 69741304812.566605 2.140415 9.411202 7.933695 50.949973 
18955450.894066 69741362371.113754 2.031448 7.676743 44.012979 48.663024 
18955480.266296 69741362105.292953 0.310636 9.607136 46.863245 47.184273 
19024956.740670 69741085386.709381 1.948126 9.793854 3.288452 50.394604 
87363572.126584 69739387192.655228 1.577430 9.499574 0.001598 50.949597 
24254113.897223 69738472586.914719 1.292878 9.748278 0.001000 50.950392 
19942879.935840 69741360321.673721 1.917363 9.341585 0.137606 50.901893 
229570160.961231 69738843614.376007 0.001123 9.834330 46.851235 47.803583 
18955451.487357 69740900878.602036 1.781975 4.532736 0.260463 49.359421 
19021769.029185 69741351284.642914 1.250624 9.829062 0.281124 47.071536 
18955471.996484 69741362378.067642 0.001134 9.833735 0.076174 46.199085 
65217545.547143 69739497466.667145 1.655268 8.520879 0.001000 50.950392 
65759010.153992 69739943278.225739 1.565629 9.715009 0.001000 50.950393 
19215277.396097 69739272464.897079 1.684285 7.550033 0.022691 50.370961 
21132567.623822 69741119168.098022 2.146916 8.841661 20.986513 50.650343 
4665772957.057384 69738267564.123276 0.867312 2.231663 0.001001 50.950192 
73187518.351083 69740530158.137695 1.737318 9.824743 0.488040 50.724590 
19500812.761804 69741013542.556931 1.940204 5.440803 0.045155 50.950387 
18979039.764947 69740837985.486237 0.181466 9.825109 22.211429 46.241569 
23123052.226538 69741048065.115860 2.007744 6.625633 0.003019 50.949838 
18955459.522729 69741361691.931000 1.989552 7.716243 0.179843 48.325143 
22849057.872209 69741357976.850220 2.130696 8.904040 2.311224 50.841212 
2969246798.430543 69739183116.262894 0.004583 9.826963 41.913294 46.251433 
18955450.826642 69741362378.544250 0.699980 7.731326 9.571998 46.415062 
18956953.143816 69740006332.049515 1.717657 9.715840 0.001001 50.950379 
18996086.869586 69741350508.491501 2.138253 9.558086 1.780093 49.190223 
18961083.379288 69741305780.460602 1.638645 9.607295 28.521429 47.539077 
21991615.008540 69741269483.270386 1.896489 9.755501 0.032743 50.932299 
18955450.832784 69741362378.529297 2.068128 9.812809 0.001471 50.950329 
20711286.712555 69739899942.973221 1.772494 9.664683 0.001032 50.950390 
19019014.998859 69741097639.382721 1.733769 7.727816 1.197255 47.758901 
18960730.586128 69741332163.970947 2.102009 6.404822 0.060834 50.176555 
18958143.045074 69741157340.027649 1.332920 7.847275 1.842936 46.975190 
25115641.356119 69739976501.461029 1.796261 8.206514 0.001451 50.950308 
18955451.155700 69741362378.745285 2.026728 5.246764 0.065964 50.929363 
24241656.616351 69741354427.030167 1.985714 9.455439 5.299444 50.554862 
19878153.848923 69738233591.773666 0.798410 8.115786 0.001000 50.919906 
18957532.510665 69741362377.734726 1.217029 9.793318 46.070276 46.712780 
27366826.095105 69741358950.607254 1.461053 6.657514 46.636719 47.903656 
18955450.832544 69741362261.412430 1.871303 4.677094 2.224322 49.064632 
18977716.432445 69741362378.251633 1.978258 9.801761 0.001000 50.950393 
21314849.338480 69740517583.716064 1.702293 9.669179 0.001000 50.950393 
19685577.525191 69737249504.259827 0.001123 9.834316 0.001006 50.950393 
33763726.593324 69741293394.567047 0.379893 8.104467 46.881715 47.074131 
18955457.813751 69741362377.899719 1.348681 9.596904 0.001324 50.838225 
18955450.829459 69741362378.747452 1.404475 6.749548 0.050070 50.023094 
18956162.746539 69741182177.704300 1.464664 9.795223 0.001000 50.950393 
51389015.502377 69738947249.634521 0.785819 9.767118 0.002098 50.942760 
18983399.372331 69740277298.555756 1.270877 5.265441 8.697512 50.949881 
18956662.780394 69738922597.872864 0.769496 9.799926 0.001008 50.950392 
19396890.946658 69741267577.145721 1.455077 9.833690 0.001000 50.950393 
19021529.500980 69741206916.394119 1.524635 9.511611 0.001000 50.950341 
18971953.992737 69739229594.341843 1.064189 5.181502 0.010723 50.950343 
19886061.145692 69741362378.751633 1.451117 8.154401 0.001000 50.950393 
23582304.785420 69741332027.030151 1.407366 9.034823 1.552844 50.898952 
18964637.227150 69741353537.819672 1.506314 9.814233 0.151798 50.946409 
20075001.456657 69739633177.980713 1.081806 9.834009 0.070528 50.933461 
18993184.839623 69741215587.041962 1.514313 9.797734 0.001000 50.950393 
65627724.281322 69741361778.384933 1.420150 7.082863 0.007342 50.921835 
39079442.708624 69740655660.494431 0.254412 9.563355 6.060596 46.381893 
591576934.109772 69741361403.834488 1.353675 9.544070 0.001014 50.950393 
19476751.120597 69740449659.341690 1.227029 9.354090 0.001000 50.950393 
5060491567.862152 69741227480.920273 1.385385 9.290403 0.001020 50.950392 
21959093.838974 69738506280.025574 0.601549 6.063585 0.001000 50.950393 
18965648.542494 69741344209.757278 1.532436 9.792953 4.612555 50.849202 
18955450.825198 69741362377.938568 1.544170 9.830378 1.235165 50.544794 
80736341.896580 69741305402.613541 1.412401 9.819496 0.011675 50.496084 
18955453.093146 69741361678.154358 1.385962 9.710096 39.863457 48.392158 
18955450.825000 69741362378.751633 1.428309 9.798641 0.001000 50.950393 
18955451.850568 69741362378.740616 1.485607 4.255126 0.034590 49.864441 
19001009.032482 69739584360.571289 1.185206 6.656023 0.001000 50.950393 
18988375.442986 69739902422.754837 1.218337 5.171468 9.865855 48.759422 
22450315.976848 69740737148.480438 1.333617 4.119455 33.151256 49.649756 
152162214.554715 69740585121.982956 1.251191 9.241501 0.001000 50.950393 
18957442.841459 69741111643.527969 1.412953 8.930574 0.001000 50.950391 
18955451.054990 69741362325.321838 1.349592 9.705146 0.001349 50.926579 
18955476.362224 69738221425.552765 0.512891 6.847536 0.013145 50.949757 
18963424.318771 69741362378.735245 1.531482 9.795076 0.029157 50.946619 
18955450.835462 69741361811.273300 1.351075 5.416221 6.482689 49.685603 
18955500.019837 69741359163.396240 1.392575 9.809697 0.001000 50.950393 
19292111.143275 69741305197.749588 0.741674 1.181687 7.256431 50.816354 
43221036.953072 69741158933.403137 1.388993 3.510895 0.394066 50.687233 
19109686.002940 69741348099.943420 1.393825 7.344930 0.145708 50.146972 
19241633.869820 69740344211.583130 1.217602 7.846300 0.001000 50.950393 
18955460.860881 69741361163.632996 1.484746 9.759572 2.329105 50.946837 
18959357.159294 69741361996.227417 1.417168 9.189142 1.013222 50.924533 
26416406.947953 69741097040.236221 1.404554 9.826962 0.001264 50.950390 
44812143.969634 69741290205.260559 1.387911 9.177085 0.001000 50.950393 
18955505.258406 69741362378.195068 1.495402 9.488418 0.078273 50.826512 
16831595298.912102 69738932864.436859 0.851436 8.364602 0.001000 50.950393 
22367660.054146 69741108940.938293 1.340272 7.836228 0.006826 50.777587 
19005725.716061 69741355531.480530 1.529710 9.834314 0.001000 50.950393 
18965476.945124 69741294517.976074 1.527919 9.301932 0.001000 50.950393 
18964230.169516 69739750937.981293 1.182289 7.469959 0.001000 50.950393 
20422361.248822 69739597274.614197 1.179549 9.812105 0.001000 50.950392 
49354718.404943 69741007513.689087 1.465095 9.237828 4.061459 49.326807 
19076719.710758 69741362378.751633 0.975585 1.401231 0.001000 50.950393 
19053364.323173 69741349106.327271 1.492237 9.542522 0.001000 50.950393 
18955561.815893 69741362167.664917 1.484493 9.786813 0.001001 50.853445 
18959278.422750 69741082193.148865 1.352234 8.992087 0.001008 50.852644 
18956319.907693 69741362378.582932 1.360047 9.807353 0.138517 50.869376 
46973147.995661 69740235083.540359 1.193294 9.553434 0.001000 50.950378 
192923239.594126 69740811593.823685 1.310249 3.545794 2.708234 50.946615 
19311146.366756 69741332074.818329 1.528364 9.728954 0.001001 50.950393 
18958668.384410 69740538743.404785 1.218794 9.371717 0.001000 50.950393 
1469295837.588408 69738455538.944229 0.569644 9.184864 0.017784 50.950221 
18955460.102859 69741362153.458481 1.431993 4.543942 15.652682 49.077941 
18957424.897841 69741152017.549942 1.471966 9.829680 0.001172 50.950392 
28768364.492636 69741086138.267776 1.486429 8.918258 0.001000 50.950393 
18955451.000402 69741328265.959763 1.372465 9.834324 0.001034 50.950255 
18955450.825000 69741362378.004364 1.527258 9.824611 0.155795 50.606728 
37229015.242221 69741246599.440414 1.501287 9.613542 0.001000 50.950393 
26954408.904727 69738414694.343842 0.589554 9.829050 0.001009 50.950226 
18956424.081553 69741335378.683914 1.204819 9.626735 0.074313 47.566002 
18955476.040321 69741362012.464172 1.345044 9.828981 0.014713 50.949633 
18955665.018919 69741359535.957108 1.415863 9.831316 0.141856 50.938384 
87252394.399234 69740200969.113373 1.146719 8.040377 4.863554 47.997531 
18960594.574875 69741262040.124832 1.479759 9.827734 1.129841 50.920685 
21380960.851602 69741277935.463730 1.491778 9.777961 0.001000 50.950393 
19225945.425284 69741361705.207108 1.428377 9.829874 0.001056 50.949741 
37498571.510451 69740980573.909988 0.001130 9.834309 0.017125 46.297389 
18993266.675819 69739393856.055115 1.025121 9.774084 0.001000 50.950393 
18955451.225603 69741362378.730621 0.164374 9.698785 0.044556 46.322661 
18983540.665902 69740765512.022278 1.349605 9.265133 0.537394 50.934377 
18957004.696107 69741362374.861130 1.418137 9.531090 2.286746 50.846513 
164964527.603328 69740950076.312744 1.366243 7.395926 0.056234 49.935162 
19128117.835331 69741361859.778473 1.510531 9.800180 0.001000 50.950393 
18959473.711554 69741253636.386337 1.489563 6.540454 0.003452 50.950391 
25541175.409743 69741008663.473785 0.925897 9.834275 17.386442 47.058137 
19021738.493728 69741326783.585571 1.346839 9.804887 0.001073 50.950393 
18955467.259004 69741362344.290161 1.508670 9.792443 0.001000 50.950393 
20074887.825088 69741293866.646713 1.501944 9.096552 0.001000 50.950393 
18955450.825000 69741362290.496704 1.494240 9.723010 0.005723 50.950273 
18955751.393393 69740839454.693909 0.911477 9.822891 35.894250 47.127115 
20087396.814083 69741307736.438095 1.499730 8.536792 0.023947 50.834393 
18956378.801391 69741280529.689560 1.378559 9.722522 0.001183 50.935563 
18981380.734508 69739262530.203156 1.032051 9.810682 0.578891 49.838137 
20127836.139597 69741206729.085175 1.507110 9.417552 22.523556 49.937594 
27465650.717714 69740881938.381012 1.356762 8.391690 0.001000 50.950393 
18955531.062021 69741340437.222137 1.438816 9.816512 0.580606 50.935937 
2505045350.066413 69737501944.913834 0.166426 9.775380 0.115059 50.940992 
18955450.825482 69741361758.889587 1.469175 8.555577 0.001728 50.949612 
20875255.265168 69740872765.551575 1.366736 9.330360 0.001963 50.950386 
30994470.359368 69740769406.049637 1.293365 9.756629 0.001000 50.950393 
18961818.134733 69738524356.991257 0.442807 8.711614 0.001591 50.950274 
19021449.706062 69740842665.502548 1.058839 9.833396 0.001000 50.950393 
19177240.780921 69741186041.903534 1.124185 9.401992 34.467541 48.376449 
25671444.384267 69739549788.951736 0.001124 9.834330 46.717284 49.801721 
19902304.778047 69740579515.631042 0.911235 9.215409 0.003391 50.950062 
18955537.249193 69741361934.083801 1.191978 9.333496 0.007742 50.647733 
18960226.797679 69741351550.598618 1.186618 9.807114 0.001000 50.950182 
19093617.635902 69741359737.042480 1.203810 9.810689 1.041278 50.926079 
18955450.825190 69740988962.832947 1.168692 9.776511 0.001000 50.950393 
21589910.419392 69740580660.810867 0.001125 9.834330 46.769361 47.820362 
19042936.743293 69741098042.738281 1.205139 9.041763 0.001296 50.950389 
19000630.472026 69741354861.241577 0.673801 9.652454 46.205341 47.054984 
37757659.147131 69739562170.387756 0.750949 9.426718 0.001119 50.107888 
18986659.787192 69740218092.187317 0.700999 8.566485 46.258357 47.681467 
19027303.018535 69741360031.564575 1.199985 9.249593 0.349457 50.938323 
66465880.809522 69740886552.686783 1.100372 9.828688 0.001045 50.942536 
19009769.270483 69738771027.761230 0.498053 8.376438 33.327990 50.649949 
412292724.585824 69739970131.913055 0.907620 4.892708 0.010769 50.596467 
18955450.827766 69741362378.751526 1.209569 9.544322 0.040358 50.939351 
19030774.493703 69740737022.089966 0.708583 9.686247 44.779346 47.194641 
988227585.139445 69740443876.266098 0.922078 9.823443 0.001004 50.950390 
18986926.551202 69738654121.950531 0.496301 9.830519 0.001079 50.918328 
18955452.788968 69741362378.742020 0.935485 2.129040 2.027647 47.763248 
18955686.369459 69741362378.745422 1.204152 6.832299 0.001000 50.950393 
19518523.246788 69741153972.689651 0.795315 9.777717 0.126167 47.409252 
18955469.527688 69740679042.119446 1.077698 9.828339 0.001001 50.950393 
18955450.825043 69741362234.488083 1.244586 9.464285 3.389179 50.917978 
20704735.613745 69739088750.239426 0.001174 9.834260 46.657857 48.105830 
513335742.371627 69740031221.890320 0.266886 3.264493 46.612971 47.497559 
18982297.279130 69741340648.772430 0.001207 9.833020 0.282911 46.349116 
18955504.846675 69741192199.729111 1.140012 7.883549 0.001936 50.940876 
19054148.423446 69740938093.716019 1.109941 7.358448 0.001000 50.950393 
18997617.126936 69740888935.392563 1.117562 9.809621 0.001001 50.950378 
18955455.855893 69741180102.864426 1.200149 9.496773 0.328058 49.487531 
19221087.631310 69741360144.026123 1.208619 8.954200 1.745243 50.929670 
18959839.030371 69741353719.074341 1.196393 8.793090 0.001000 50.950393 
23455162.503492 69741358315.334061 1.201692 9.795492 0.014619 50.950384 
668288001.874704 69741202202.329712 1.207742 9.747499 0.057926 50.943292 
19024274.998112 69741358645.394394 1.236880 9.833733 3.815809 50.931125 
18965726.460137 69739389413.738953 0.681052 9.056390 14.455755 48.019454 
22606983.403381 69741257771.624695 1.182636 9.734010 16.691307 50.248994 
18955451.435552 69741362378.741058 0.507233 9.831239 46.907992 49.780797 
167843589.476219 69741341654.178604 1.211865 9.816921 0.001998 50.950370 
19596366.508938 69741360583.897980 1.234417 9.195237 0.001544 50.950393 
18958329.397266 69741361169.428558 1.213603 9.821134 3.775471 49.310569 
19109175.834420 69740345030.946411 0.861137 8.928693 0.009342 50.950193 
18955451.020614 69741362054.038406 1.218606 9.574855 1.211296 50.943326 
20614868.721451 69740184903.240997 0.913194 9.829476 0.001000 50.950393 
19021267.966224 69740055503.681946 0.904724 9.466992 0.001002 50.950393 
19007042.483564 69741362139.810654 1.242838 8.538913 0.001000 50.950393 
18955458.293589 69741362196.131531 1.211469 7.059358 0.082403 49.534298 
18964735.204975 69740273625.767670 0.828590 9.431526 0.001000 50.950393 
18955464.967835 69741359486.618622 1.187011 9.832131 0.007863 50.950388 
19240864.824484 69741355221.060196 1.124113 9.792751 2.065867 48.324252 
217138270.466612 69741219819.046112 1.211327 9.712423 0.001000 50.950393 
19230771.058476 69741081148.789337 1.186976 9.779115 0.275047 50.761251 
18955453.721054 69741344765.832962 1.185160 9.829664 0.005851 50.947815 
596883330.125977 69741089447.398529 0.688783 9.833693 5.078584 47.015648 
19177324.664195 69740908858.401688 1.021079 9.036706 2.314651 48.058389 
18962451.812537 69741362378.751633 1.228010 9.624319 0.001000 50.950393 
19139776.099962 69741135181.631165 1.165383 9.690479 0.015561 50.933313 
18985285.374150 69741362177.518402 1.164207 7.787064 0.112132 50.913124 
18959789.912459 69739709818.626953 0.003140 9.830468 4.080986 46.398963 
19834483.202283 69741293651.365417 1.162899 9.605197 0.011711 50.950393 
18989454.609580 69740973800.363907 0.992121 9.820071 3.667952 48.316915 
18955450.826289 69741362378.118759 1.230232 9.765483 16.789203 50.624976 
18971794.634649 69741231818.333023 1.187960 9.833945 0.001000 50.950393 
19607336.653774 69740794473.895050 1.056912 9.695628 0.001128 50.950366 
19045613.615859 69741345270.444305 1.153832 8.831427 0.009040 50.950393 
18961326.330184 69741362142.894150 1.206099 9.803565 0.001010 50.949975 
18955579.735302 69741346790.971970 1.167924 4.928535 0.034020 50.931187 
18955450.826993 69741362378.750671 1.237580 9.809880 0.009968 50.576592 
18955819.001066 69741362015.067215 1.158086 9.827947 0.001000 50.950393 
18955451.214579 69741362375.345505 1.234319 8.634207 0.001001 50.950392 
19356280.553718 69739591027.607147 0.835329 6.934171 0.001000 50.950393 
18955991.429145 69741361320.668106 1.212547 9.709472 0.001014 50.937638 
18955523.201332 69741362378.741455 0.009999 9.642319 0.517046 46.337408 
299280280.466462 69740886973.508667 0.946066 2.974576 19.703411 47.905938 
18955450.825174 69741362378.748978 1.174841 9.751293 0.097262 50.571549 
210004590.087291 69739795687.506256 0.808261 5.732338 0.006985 50.949233 
45997625.338148 69739440229.399704 0.742697 7.552838 0.763052 50.605837 
18955512.134361 69741362374.827621 1.019429 9.831223 44.498907 47.637191 
116431554.062213 69741184401.662308 1.174393 9.806888 0.001000 50.950393 
18965816.067669 69740675962.532028 1.022460 9.797792 0.038984 50.950360 
18959478.003682 69741295403.090652 1.103545 2.396995 0.001000 50.950393 
19012259.892053 69741354442.937958 1.103249 7.593590 33.201388 48.013532 
20646473.940043 69740978232.812057 1.135501 9.722418 0.001026 50.950393 
48625573.424448 69740860434.569870 1.132808 9.485540 0.001586 50.949965 
286241368.828079 69740561392.360779 1.024801 8.432213 0.001119 50.946335 
19196219.841007 69741308937.415833 0.001154 9.834292 46.972370 49.835431 
18994667.986425 69740923711.442062 1.101200 9.830211 0.125712 50.949060 
483880639.581088 69740379294.598724 0.880613 8.694820 3.856298 48.538530 
39111393.355263 69739720195.459396 0.814329 9.813681 22.453552 50.532291 
19038730.538562 69741338651.069809 1.186861 8.492657 18.237924 49.618256 
19129975.707067 69741360463.100204 1.229764 8.467356 0.001074 50.950393 
18955500.225131 69741362377.756912 0.727341 8.735521 45.743314 46.969034 
22296944.408087 69740954641.370743 1.090159 9.514114 0.001007 50.950187 
1825572126.833431 69739508568.128464 0.712233 9.833861 0.001027 50.950393 
18955452.700817 69741359717.971664 1.154715 9.821211 0.001000 50.950393 
18956385.309563 69741362212.131180 1.163708 9.790871 0.002101 50.906120 
18955768.097410 69741361163.722015 0.844050 9.413364 20.009848 48.215057 
175147135.801914 69737577111.049713 0.002104 9.834330 19.880280 46.507393 
18956320.820775 69740943170.327438 0.841862 9.831812 0.001000 50.950393 
18964117.457489 69741319215.477921 0.936023 9.501901 1.767044 50.447774 
18955459.689453 69741288655.643845 0.976162 9.834294 10.269692 49.558375 
18955560.785753 69740913985.546432 0.838649 8.862720 1.973274 50.830835 
18955454.104705 69741362134.781326 0.929905 9.806562 4.279313 50.938222 
18955452.062831 69741362378.751633 0.961507 9.692615 0.001545 50.950387 
18955554.502457 69741362378.751328 0.710508 9.833241 41.251119 47.377201 
18955465.983204 69741362273.745346 0.006857 9.832938 46.837950 50.049095 
20835038.791909 69741342201.089050 0.892426 8.542140 1.951051 48.537442 
191685897.786370 69741361999.198257 0.936282 9.657416 0.007779 50.950149 
18955450.941894 69741362378.746277 1.008531 8.578527 0.112177 50.908920 
18955458.369335 69741362374.734238 0.965057 9.805628 0.001446 50.950393 
18955545.820733 69741362377.591858 1.011135 9.516832 0.001004 50.948004 
21230888.040222 69741362186.115845 0.933826 9.833387 0.016062 50.950392 
18955452.052567 69741362378.749985 0.980843 9.784172 0.001000 50.950393 
30632081.079164 69740769198.439117 0.821728 9.826793 0.001956 50.950352 
19551474.706550 69741203252.130951 0.968063 9.505988 0.001000 50.950393 
19050889.348493 69741360136.805862 0.947992 9.441628 0.001000 50.950393 
19841759.436772 69740189473.219452 0.656970 9.609456 0.001000 50.949237 
18962680.203822 69741362371.080795 0.999774 9.674200 0.001000 50.950393 
18955937.432213 69741362098.886948 0.975722 9.402237 0.011927 50.712266 
19365404.208138 69741163052.909256 0.877165 2.410373 0.001002 50.950393 
19231028.068291 69740955652.510391 0.798410 6.939941 0.001000 50.950393 
18958796.020320 69740717531.400681 0.812279 7.788169 0.001000 50.950393 
18955452.120178 69741333336.420425 0.945619 9.812873 0.020319 50.938249 
19992993.286477 69740294428.416306 0.678584 9.797687 0.001000 50.950393 
18955458.056840 69741362378.751617 0.957474 9.774855 0.001740 50.950393 
19639956.554394 69740690264.161957 0.771988 8.113433 0.001000 50.950393 
19035537.869333 69740448927.181992 0.708805 9.517995 0.001000 50.950393 
18955607.458682 69741257206.586746 0.934674 9.681104 0.001982 50.947460 
151466447.504604 69740938154.117249 0.810175 9.673731 3.394645 50.896828 
802670115.348939 69741208653.115021 0.906663 3.122886 1.190734 50.233944 
18955517.458388 69741359540.103638 0.974373 9.781561 21.189738 50.566837 
18988982.193234 69741350659.401138 0.978473 9.795579 0.648231 50.877765 
21402948.653542 69741142943.499115 0.955738 7.817293 0.001000 50.950393 
19322882.405053 69738643637.121368 0.379953 9.709214 0.043015 50.950393 
18955450.825034 69741362330.296387 0.918191 9.603205 0.001000 50.950393 
18955450.885010 69741362341.907593 0.929376 9.293981 4.783706 50.519607 
18955512.597074 69741360973.873215 0.988979 9.829030 0.436320 50.950393 
22259655.284033 69741286118.551788 0.914953 9.221530 9.502205 49.103679 
454841410.787696 69740487772.532516 0.643195 9.098616 9.167164 48.140298 
354080129.730723 69739717937.902039 0.600328 9.832690 0.016100 50.948120 
18957894.809526 69741362363.888672 0.994573 8.034441 4.619642 49.361007 
18969654.701209 69738994456.407059 0.441686 8.162582 0.003979 50.950377 
18987929.338134 69741346146.217377 0.934519 9.834302 0.001004 50.950390 
210197221.266303 69741166932.932755 0.911824 9.826951 0.002219 50.950369 
19282455.036267 69740431206.455414 0.749484 9.829429 0.001017 50.950210 
18965575.160307 69741362294.946564 0.990475 9.821545 0.108429 50.843760 
122924957.012495 69739847106.099197 0.634281 7.621867 0.029466 50.848769 
18955557.819250 69741362378.641998 0.845663 9.744047 0.062197 48.270284 
35857633.314765 69741124473.051071 0.883153 9.833819 0.178752 50.929689 
18955949.274516 69741362374.721542 0.919817 9.612278 7.784530 50.513053 
18973517.904092 69741362357.176193 0.934067 8.891393 0.001009 50.950392 
18970416.663240 69738912913.130356 0.433001 9.157197 0.003907 50.950342 
18956446.514754 69740955414.786179 0.194323 8.647422 46.734885 48.511969 
18981246.485484 69741362271.838608 1.011232 9.349977 0.001000 50.950393 
18955671.102220 69741250306.460464 0.989367 9.832522 0.001006 50.950012 
18985562.182527 69740318055.355301 0.692058 9.684862 0.916886 50.529875 
31539252.841331 69741329617.823715 0.992092 9.764627 0.001000 50.950393 
19092199.922353 69741356713.572983 0.983582 9.587857 8.580584 50.906395 
18955982.711347 69741354247.098389 0.910740 9.742755 0.620837 50.916302 
18962285.399255 69741294276.131668 0.926804 9.576545 0.001001 50.950393 
18970854.821723 69739876338.150314 0.615235 4.651563 0.001000 50.950393 
21024331.513794 69741305088.463913 0.983701 9.577542 0.010830 50.949383 
19026698.302703 69741289428.989471 0.937301 9.153120 0.001694 50.946019 
18955480.417587 69741362378.647141 0.942115 9.584136 0.001008 50.950376 
21401178.253070 69740650766.150604 0.786028 9.723831 0.001003 50.950381 
18955452.484519 69741361835.180466 0.473810 8.784900 31.712487 46.580072 
18955484.179407 69741362378.659012 0.918100 9.816604 0.001940 50.949408 
221951452.138006 69740683803.327194 0.754786 9.734224 0.011349 50.945252 
20616642.782723 69740110856.151642 0.656652 4.961074 0.001001 50.950393 
18961124.034277 69741361465.123032 0.984242 9.804542 0.001000 50.950393 
19319339.496525 69740966661.022980 0.829757 9.819550 0.001000 50.950132 
18997079.259653 69741243771.064972 0.008583 9.811955 2.723469 46.387930 
42105336.026498 69741167894.827148 0.796038 7.700795 7.893689 47.947590 
18957564.265679 69739310228.981842 0.544063 9.464252 0.001000 50.950326 
18955451.209421 69741362376.403259 0.916863 9.802473 0.190687 50.918723 
42855804.068866 69741359734.107758 0.921155 9.742221 0.001000 50.950393 
18955450.825111 69741362323.145645 0.996084 9.824722 0.002794 50.945558 
144482930.800812 69740706037.612579 0.799102 8.377291 0.001000 50.950393 
18957791.304004 69741362378.735977 0.926402 9.343449 0.001127 50.950390 
18955541.750731 69741118046.750244 0.933241 9.803308 0.033070 50.894940 
19196688.485841 69741208824.733704 0.962680 9.361685 0.001000 50.950393 
19944048.738485 69741354000.032394 0.975874 9.783789 0.001000 50.950393 
18955450.825521 69741362378.751556 1.005062 9.825307 0.001140 50.932443 
18955586.730927 69741362244.578827 1.008852 9.778150 0.049420 49.995174 
18955452.339431 69741355285.979782 0.944216 9.819020 0.001000 50.950393 
20206040.128944 69741362370.672913 0.938527 9.589344 11.486315 50.929586 
19704787.233446 69740944506.745941 0.833825 9.673969 0.001000 50.950393 
19052395.598399 69738818049.657715 0.408146 9.596626 45.688929 48.187490 
345631973.994445 69741342302.273117 0.911545 9.834323 0.001000 50.950393 
19699833.775646 69741083301.274384 0.829646 9.824974 40.965956 48.259842 
18955450.828994 69741362378.751633 0.974322 6.670329 10.329304 50.879233 
116996666.260873 69740620613.182053 0.784626 4.801863 0.547930 49.937190 
28956266.745281 69741267408.901947 0.970331 6.814636 0.001000 50.950383 
58253663.211701 69741341391.736603 0.011553 9.834303 0.442270 46.383383 
18958531.560415 69739787067.781326 0.626503 9.558173 0.001000 50.950393 
18955647.712629 69741362351.506393 0.987505 7.992348 0.001202 50.950393 
40359459.176291 69741281879.291397 0.752644 9.754832 0.003426 50.950360 
20022487.444971 69740916586.122620 0.698650 9.167633 0.004412 50.950393 
23576690.354311 69741324134.525620 0.772964 9.825247 1.634872 50.948973 
19085192.258048 69741354238.091934 0.768101 9.766421 0.001009 50.950393 
22183017.036118 69737282892.859955 0.001184 9.834328 0.450173 50.927964 
18955665.420122 69741362378.737198 0.768018 9.774706 0.773050 50.884403 
19212446.987475 69739893769.471390 0.522029 9.641566 0.001013 50.950393 
20256320.772828 69741259473.795441 0.782322 7.122375 7.138503 50.619700 
19027734.968219 69741357017.262680 0.771768 9.416451 0.744874 50.869283 
18956853.493255 69741362348.373184 0.734021 9.810340 3.625509 48.353808 
37339907.029961 69741085301.226532 0.732293 9.646582 0.001000 50.950393 
19849322.777581 69740748498.275116 0.692775 9.366910 0.001000 50.950393 
19533618.296808 69741249731.243942 0.764246 6.445069 45.223357 50.196188 
22782411.439523 69741191360.400818 0.749921 9.809640 27.815813 50.488275 
19154214.106134 69741342874.494751 0.709823 8.455150 2.988423 48.136823 
18956823.977697 69740638880.056427 0.644456 9.825290 9.000263 50.306276 
18962518.915996 69741360682.489807 0.771616 9.831595 0.001050 50.950258 
164644313.110499 69741316836.161285 0.751000 9.601262 0.398875 49.153514 
19045595.399102 69738727230.231079 0.320880 9.704515 0.082008 50.745682 
18960264.126696 69741301972.959213 0.775890 7.710149 0.001000 50.950393 
18976904.068210 69741302519.862823 0.785020 8.969946 0.001001 50.950386 
18955475.744779 69741362373.701050 0.760754 9.587542 0.083756 50.020952 
19803823.662320 69741361554.107147 0.719536 9.834253 1.165461 47.934765 
18975137.790431 69741194157.809799 0.001671 9.834215 12.684323 46.402154 
18955498.971398 69741361737.220078 0.771767 9.759088 0.077286 50.948222 
18955469.523175 69741354968.672104 0.768772 9.799357 0.001000 50.950393 
18955451.951515 69741360165.312637 0.773516 8.773445 0.001000 50.950393 
22768440.511355 69741353064.564835 0.793748 8.501404 0.229497 50.944008 
1267788395.576475 69737310992.324371 0.073069 9.829935 0.001000 50.950393 
41779645.559330 69741361451.857254 0.774332 9.035332 0.157212 50.299783 
20815870.417914 69740555206.570328 0.617272 9.542733 0.001266 50.950393 
117862835.840262 69741329871.094788 0.784383 8.919908 0.001000 50.950393 
19084993.411746 69741283405.531494 0.404688 0.650105 0.001661 50.944244 
60893680449.715576 69739762202.840759 0.497680 9.369360 0.001000 50.950393 
56276246.005483 69741263508.733078 0.754056 8.211694 14.089761 50.223239 
18971809.217518 69741343182.614014 0.751847 9.833578 0.670226 50.949195 
18990487.817484 69741347765.632965 0.761190 9.645535 0.001000 50.950393 
19024253.138571 69741362197.642792 0.785997 9.834226 0.001000 50.950393 
19368390.387005 69741356166.355820 0.768035 7.665133 4.837315 49.286299 
18955917.893087 69741301331.887924 0.698044 9.777447 0.409003 47.965466 
19472793.981785 69741114399.437637 0.760822 8.736017 0.001000 50.950393 
21305024833.824127 69740080714.216095 0.001123 9.834330 36.876711 46.426286 
18955659.290526 69741361353.834854 0.718197 8.347760 4.629395 48.010933 
18991247.966441 69741350831.592575 0.751323 9.506405 2.634970 50.836664 
18955527.243144 69741362295.600937 0.771200 9.601033 0.621019 49.656384 
18966366.925804 69741263770.532883 0.766268 9.833685 0.001000 50.950393 
18956728.594095 69741362126.469528 0.765734 9.274427 0.001000 50.950393 
28829639.694575 69741220625.746780 0.524834 9.790615 43.912339 47.075589 
18955450.825000 69741362378.751633 0.759860 9.244320 0.458523 49.082988 
66476784.265592 69741147554.532028 0.729328 9.582797 0.001062 50.945037 
18955450.825008 69741362377.694397 0.763089 8.676813 0.002805 50.950346 
186719635.435944 69740182955.439987 0.523603 9.124361 17.594604 50.594642 
18960118.540071 69741362189.228592 0.792536 9.170236 0.111604 50.586851 
24589931.914034 69740903719.061020 0.693901 4.962864 0.010684 50.949677 
18955450.865827 69741362363.068207 0.794031 9.827975 0.180219 50.938666 
18967358.174586 69741084058.521072 0.734803 9.658351 0.001000 50.950393 
22555827.880171 69741351624.235962 0.754959 6.405613 0.001921 50.949153 
25737550.180049 69741352113.923981 0.753512 9.069986 0.001663 50.950378 
23322374.216931 69741265659.461334 0.755515 8.637842 0.001002 50.950393 
21316491.954120 69741362337.744812 0.800150 9.565364 0.001000 50.950393 
19024403.622360 69740881773.400208 0.671516 9.666817 0.001000 50.950393 
35022439.283034 69740270292.005203 0.560521 9.801768 0.001000 50.950393 
19416789.215545 69741124712.305969 0.455786 9.806070 31.688939 46.765967 
311558534.478346 69739882842.957092 0.374971 9.696599 0.918582 46.647481 
46100065.192915 69741317009.817627 0.749729 9.693047 0.088404 50.938208 
21918992.514701 69739632190.346924 0.468124 2.514769 1.833489 50.950360 
18955450.826154 69741362354.819519 0.794649 9.730233 0.423764 50.734737 
18957303.934557 69741361841.203796 0.770640 9.632043 0.001026 50.887433 
18957505.979175 69741357804.820648 0.027776 9.552912 46.703678 48.111868 
19137341.604166 69741362358.645844 0.757951 9.531544 0.109362 49.871329 
18955451.891743 69741362185.398331 0.533471 8.399332 46.314199 47.355850 
162801561.340832 69741351021.106949 0.776230 9.811789 4.751607 48.783603 
20161130.326565 69741247237.313736 0.781159 9.822497 0.001000 50.950393 
18959907.379504 69741360093.570511 0.792575 9.750995 0.277479 50.945759 
24705455.986423 69741351030.216660 0.787044 9.614421 0.008047 50.938285 
18960074.629638 69740833100.676804 0.662128 9.519549 0.001014 50.950393 
22844696.705371 69738151317.626801 0.223877 9.793311 3.938440 49.596772 
18955451.070164 69741362301.339584 0.799593 7.584785 0.035367 50.883980 
18955452.240912 69741362327.501587 0.546800 8.383334 2.754551 47.172563 
18955491.783855 69741355293.002136 0.767544 9.818651 0.223765 49.713848 
18955451.188708 69741362378.050735 0.784557 9.834267 0.025670 50.950393 
18955450.840840 69741362049.623810 0.795076 7.566607 0.005433 50.906666 
18955450.825072 69741362378.750381 0.774539 5.100956 3.278275 50.834698 
18955454.637367 69741362327.691589 0.592244 9.311546 0.011448 47.384753 
18955706.607982 69740315613.601440 0.545004 9.627092 0.641188 49.424861 
18956227.291693 69741311344.163406 0.778827 9.567704 0.001000 50.950393 
18955699.033940 69741354121.305389 0.755121 9.832012 4.545344 48.878471 
18955502.173385 69741352086.679840 0.767354 8.038287 0.001002 50.950341 
18961161.530547 69741361803.893204 0.794704 9.833048 8.892961 50.489816 
19543564.953150 69741315531.828079 0.783520 9.826333 0.001000 50.950393 
19087962.665120 69741209362.051208 0.747008 9.370436 0.001000 50.950393 
18955611.549592 69741249035.059189 0.776229 9.566255 0.001000 50.950393 
18965715.958714 69741305080.729538 0.767798 9.711604 0.001003 50.950393 
19166638.634009 69738340227.776382 0.256859 9.682190 0.001000 50.950393 
19498584.006113 69739828309.592163 0.517189 9.193878 0.001000 50.950393 
18955450.828056 69741362378.748810 0.775217 9.831466 0.004333 50.629598 
18955459.925766 69741362378.749954 0.776056 9.534118 0.001099 50.940410 
19005105.998007 69741360369.639786 0.788959 9.817296 2.221342 48.845208 
33897336.185831 69741212669.664139 0.753131 9.790044 0.001298 50.950358 
18992217.804229 69741084274.825027 0.709823 6.975500 0.001092 50.950385 
18955450.825042 69741362378.733353 0.650191 9.832881 0.181584 50.943592 
18955451.410009 69741356314.923050 0.682636 6.099361 0.117091 50.927263 
18955455.387614 69741362378.700912 0.650291 8.460175 0.001000 50.950393 
19142337.174514 69741352776.024078 0.643664 9.659007 0.001000 50.950392 
18957638.944982 69741352100.023239 0.641823 8.863293 31.204114 49.231330 
18955450.840657 69741362378.081497 0.666691 9.234516 0.001000 50.950393 
18955450.925218 69741360944.903183 0.643175 9.827864 0.001000 50.950393 
18955450.836646 69741362286.781235 0.668005 9.688000 3.149482 50.936917 
242011180.227141 69741361869.506775 0.668932 6.240701 0.001001 50.950393 
18955450.825000 69740085556.981186 0.464291 7.236053 0.032829 50.949951 
19079295.828037 69741352615.155701 0.683261 9.158222 0.025499 50.913574 
19008414.400250 69741361019.581207 0.678481 9.827624 0.005112 50.949392 
20468304.982206 69741360804.701721 0.681951 9.818037 0.001000 50.950393 
19228821.436711 69740763490.396622 0.578177 9.833529 0.001000 50.950034 
90373729.850310 69740495505.782654 0.491181 7.253025 0.001000 50.950393 
22128537.076284 69741253370.757385 0.667221 9.655071 0.065618 50.945515 
19354658.744655 69737326164.120911 0.001378 9.834317 0.001000 50.950393 
25492336.064272 69739791675.887863 0.444061 9.185753 0.001140 50.932760 
18955540.510773 69741362377.894272 0.645905 9.603488 0.002991 50.267698 
18955461.508298 69741360881.168365 0.660293 8.909656 0.003547 50.934146 
18955450.975806 69741362378.751572 0.678216 9.823777 0.001000 50.950393 
18955450.825000 69741362378.751633 0.636296 6.637898 0.004839 50.949775 
18955457.880468 69741361734.455215 0.682356 9.834223 0.001000 50.950393 
19408099.206279 69741362167.759064 0.638718 9.798475 0.001000 50.950393 
22229419.627924 69741362370.741959 0.001528 9.834007 46.633861 47.329665 
18955454.534180 69741269180.245163 0.592966 2.328294 0.001000 50.950393 
18955967.148349 69741362223.253784 0.640541 9.459619 0.015650 50.489574 
221664618.006494 69741291885.683228 0.628596 8.234140 8.689445 49.784276 
18955495.981916 69741339322.169022 0.671098 9.526539 5.698982 50.932832 
18955453.422462 69741362378.575775 0.357384 9.833529 36.109279 46.523314 
18990462.693159 69740646090.537140 0.546443 9.617019 0.001000 50.950393 
18955542.912576 69741362307.664597 0.656269 9.834330 0.001007 50.950344 
49311365.598349 69741354054.543884 0.644628 9.356648 0.166110 50.947340 
337543614.161079 69741080115.541504 0.595742 9.778417 9.977531 50.296400 
21653817.863723 69740770858.647324 0.575724 8.116229 0.001003 50.950393 
325762173.781605 69737331402.775955 0.001194 9.834330 0.022105 50.950386 
18976336.560809 69741346747.038391 0.640732 8.403887 0.001006 50.949672 
19077706.181488 69741319873.070557 0.624645 9.678467 0.067541 50.872582 
134884736.764986 69741042442.930267 0.582017 9.802569 14.535287 50.870434 
19030584.181922 69740542353.019028 0.481411 9.822133 1.353845 47.732645 
18959789.539609 69741362378.388214 0.643132 9.436152 2.649744 50.914849 
18955536.831240 69741341119.696884 0.641651 9.799169 0.001170 50.950251 
18957812.843431 69741361117.198944 0.659826 9.833272 0.005250 50.940277 
19260547.828046 69738936544.172226 0.298492 9.803758 3.828737 50.006684 
18955525.364206 69741362371.341156 0.642247 9.790814 0.015647 50.950014 
47812078.062396 69741360215.881760 0.666980 9.832519 0.149476 50.926189 
19094256.063551 69738803332.423553 0.274372 9.716211 0.001000 50.950393 
18958220.086623 69741360870.595688 0.661475 9.828141 0.001226 50.950393 
37781655.468764 69741359866.484070 0.676284 9.833600 0.001000 50.950391 
19120430.033377 69737326958.605698 0.001123 9.834330 0.028758 50.950377 
18961417.241233 69741360816.037918 0.662223 9.784067 0.001000 50.950393 
25292387.644334 69740867229.389252 0.571866 8.571058 0.001000 50.950393 
19047572.192352 69737326961.946808 0.001123 9.834329 0.003957 50.946235 
18968307.315921 69741360508.893890 0.656170 5.672439 0.001002 50.950384 
55927809.216722 69738046574.226913 0.203711 9.237749 0.153963 50.950393 
21089089.775978 69739079786.334991 0.328376 9.582682 0.001000 50.950393 
19408050.611208 69737478694.757828 0.104880 9.831288 0.001022 50.947196 
18955453.562134 69740764971.925323 0.544128 9.722638 0.001000 50.950393 
18958115.393737 69741362008.734222 0.673525 8.675832 0.754573 50.939056 
18955450.830318 69741362378.750473 0.635197 9.824630 0.006365 50.945328 
56408588.728557 69739969753.986832 0.461769 9.780770 0.001016 50.950393 
18958446.881755 69741362142.529678 0.663429 9.725002 0.001000 50.950393 
18966515.718550 69741152904.188522 0.629739 8.078575 0.001000 50.950393 
35456989.873895 69739301955.607910 0.392831 9.631066 0.001000 50.950393 
23308957.074091 69741311345.030487 0.564729 9.175451 43.372332 47.555509 
19044706.991776 69741212131.287216 0.623930 9.832630 0.001000 50.950393 
18964586.604283 69740552591.275726 0.497222 9.784127 0.001000 50.950393 
18957655.500306 69741355739.054901 0.621859 7.471949 41.873497 48.433055 
22275937.805907 69741251078.858917 0.639669 9.811399 0.134790 50.940971 
18955450.825010 69741362378.751633 0.652006 8.668423 0.001011 50.950393 
18955458.442973 69741293752.328247 0.635947 9.508172 0.002311 50.655232 
435693369.598681 69741351993.840942 0.592638 9.290019 46.258353 50.058009 
19158257.040056 69741221545.678482 0.622822 9.833272 7.026459 50.853825 
18956121.477441 69741362269.313934 0.674565 9.829653 0.001000 50.950390 
19038472.895977 69741362124.333054 0.638631 9.709635 0.001000 50.950393 
18955489.830355 69741320317.485840 0.645332 7.575398 0.001462 50.950389 
18957348.907575 69740667736.645004 0.523760 9.780335 0.001000 50.950393 
18955451.436320 69741357723.015015 0.683914 9.628876 0.001000 50.950393 
31574270.382111 69741361942.176056 0.661050 9.829491 0.001000 50.950393 
231148281.307324 69739987934.843674 0.477040 9.615217 0.569458 50.722022 
18957403.521896 69741348862.296097 0.636396 9.730251 0.588086 50.949983 
22409291.950838 69741306236.974899 0.637146 9.833118 1.988179 50.752786 
22728739.364849 69737334795.163574 0.001123 9.834330 0.001000 50.950393 
321571789.962222 69737316552.831955 0.001407 9.832932 1.279793 50.907813 
19115106.137027 69737332116.618500 0.001123 9.834330 0.001457 50.950365 
19403062.751023 69741235725.702438 0.482950 9.791105 40.131878 47.192383 
18967636.779308 69741248044.575302 0.655298 8.698464 0.001000 50.950393 
32834872.741242 69739834529.695786 0.439914 9.365727 0.001000 50.950393 
18955468.316875 69741362378.650192 0.637382 6.397869 0.002654 50.950393 
44612586.432985 69741333711.961472 0.643075 9.471307 0.029213 50.882431 
19517785.425265 69741331012.229950 0.672087 9.284736 0.029447 50.501005 
18979331.440886 69741361198.756378 0.656604 9.766333 0.001000 50.950393 
21537362.972989 69741034956.682938 0.593415 9.820929 0.002931 50.950171 
18955755.407749 69741128297.264481 0.203426 8.448747 46.615360 50.824552 
18955452.581112 69741362282.406998 0.649755 9.691555 1.023451 50.937199 
18955522.813913 69741258405.788956 0.646813 9.759895 0.803065 50.949844 
18964392.339820 69741320180.675156 0.565708 9.624022 45.404293 47.839527 
18960127.382312 69741240195.231064 0.632461 8.931937 0.001083 50.950287 
18955459.665408 69741362378.711426 0.637758 9.246306 0.001000 50.950393 
18955451.845487 69741362378.738281 0.672583 9.337516 0.026110 50.821939 
24562971.854951 69741361882.667603 0.557126 7.760479 0.040370 50.948979 
18955454.770161 69741362355.414703 0.555410 9.816729 0.001000 50.950348 
18956279.927724 69741361628.718552 0.579560 9.828241 0.971753 50.939082 
18961436.406105 69741362099.961685 0.552354 7.753085 12.283403 48.969150 
18955450.826115 69741362324.727112 0.576724 9.830184 0.782627 50.949634 
19164531.405382 69741360917.560776 0.561012 9.832874 0.004922 50.950236 
18959134.138856 69737385604.457260 0.002622 9.833700 0.001034 50.949900 
19294559.994696 69740883802.317871 0.424374 1.319215 0.001000 50.950393 
18955879.498880 69741362337.913879 0.562650 9.833375 0.001000 50.950393 
21749429.719297 69741337914.811127 0.559360 8.960700 0.001000 50.950393 
18955459.527183 69741354590.446732 0.572856 9.834153 2.268612 50.779963 
19062904.918692 69741286952.041443 0.560190 8.852930 0.001000 50.950393 
18961942.431941 69741359745.068588 0.570164 7.484692 0.150259 50.335882 
18955639.476701 69741307478.932663 0.550434 9.613692 0.001000 50.950393 
18984634.472144 69740881644.824158 0.419409 9.819266 29.439683 47.094400 
42338659.283287 69737382328.802200 0.001123 9.832966 0.001004 50.950393 
18997452.366225 69737369977.782394 0.001123 9.834330 0.597431 50.947770 
18955450.839821 69741362378.433655 0.571405 8.485544 0.044856 49.699166 
433057534.501279 69737374021.438446 0.008362 9.831955 0.001000 50.950393 
69988987.180630 69741127508.174622 0.539712 9.420398 0.019662 50.919250 
21837985.541843 69737377529.794159 0.001126 9.834329 0.001000 50.950393 
1637959629.470662 69741324299.608841 0.544845 9.343755 4.470035 50.406845 
18988254.338949 69741361551.660950 0.555496 9.825000 0.001068 50.949734 
1396725217.403700 69740244556.880417 0.424661 5.444972 0.001012 50.950360 
20342144.641870 69740905895.029083 0.001123 9.834330 1.514165 46.432238 
18956152.716824 69741192973.418945 0.551081 9.016663 0.910189 50.841591 
19032951.338069 69740707949.357300 0.483080 9.736618 0.001000 50.950393 
19039547.563193 69737372925.266907 0.001137 9.834330 0.001000 50.950393 
19021407.103741 69741290087.119293 0.537248 9.137586 1.375604 48.402905 
19123071.257996 69741361097.190613 0.558600 9.826298 0.001473 50.770809 
20374031.923051 69741358200.673843 0.551524 8.996741 0.017390 50.947883 
18955452.736271 69741362311.861130 0.580262 9.578036 0.012576 50.947050 
18971825.866198 69737396297.119125 0.023672 9.719995 0.372959 50.489675 
18955450.839599 69741335471.848572 0.558499 8.793417 0.001000 50.950393 
21549856.251410 69739480519.823151 0.342658 9.456664 0.051164 50.941976 
19000581.979208 69741362342.857285 0.554830 9.833337 1.350366 50.948800 
3235546081.956570 69741362378.751633 0.379688 7.921018 25.099473 46.633407 
19746614.477016 69740747087.659927 0.497697 3.469874 0.001000 50.950393 
19060624.885638 69741121217.088684 0.539644 7.414334 0.001000 50.950393 
18956230.842674 69741362373.322556 0.575286 9.833363 0.007296 50.948747 
18955570.023409 69741361542.906784 0.570601 9.546166 0.001000 50.950393 
19394741.472687 69739947763.193024 0.429808 9.513608 0.001129 50.950383 
21239562.292789 69741334880.630173 0.551560 7.866076 0.001001 50.950255 
27012761.575990 69741260217.816559 0.557961 9.528158 0.001000 50.950110 
28836825.983432 69737384394.043304 0.001123 9.834330 0.001083 50.950393 
18955457.179732 69741362377.837860 0.572698 9.753970 0.023778 50.950375 
19323445.573621 69741362256.380554 0.553888 7.201544 0.001224 50.950393 
19035948.287290 69737384371.964981 0.001125 9.834330 0.001000 50.950393 
19428892.190539 69741112932.511520 0.531001 9.162087 0.083680 50.904212 
18956026.649552 69741362288.076874 0.566981 9.773931 0.171021 50.922055 
18956244.060863 69740265671.872482 0.425840 9.829303 0.005035 50.950283 
18955450.841212 69741362378.751633 0.558490 8.992761 0.016954 50.950393 
18955450.913041 69741362378.719025 0.575663 9.834220 0.001001 50.950392 
18955450.826974 69741362378.701263 0.579328 9.829638 0.001000 50.950393 
19059936.677763 69740984550.798569 0.507766 9.695231 0.013161 50.743954 
18955627.828971 69739698912.814758 0.382689 9.834194 0.001000 50.950393 
18955575.280412 69741360801.711029 0.567538 9.832450 0.001000 50.950393 
18997984.015676 69741362373.686630 0.564452 9.278744 2.434115 50.813767 
119281362.967878 69738824530.446487 0.243207 9.810162 44.983362 47.647322 
18962214.977066 69740835910.129211 0.493389 9.810647 0.001000 50.950392 
18962935.620661 69741362378.124451 0.351555 9.834330 36.694163 46.561739 
18955521.583797 69741357170.561066 0.578339 9.412831 1.075335 50.458424 
18970707.999621 69739972048.868835 0.394845 2.010613 2.668487 50.603738 
41789730.812509 69741131711.723312 0.524914 8.403535 0.001000 50.950393 
18956876.570529 69740833579.941254 0.401836 9.833462 28.225302 46.967313 
18957555.310349 69741194720.759277 0.542761 9.833372 0.001000 50.950393 
19087888.316202 69741361725.371017 0.566576 9.832602 0.001000 50.950393 
18955450.827225 69741362378.742966 0.561603 9.828446 0.001000 50.950393 
18955828.979759 69741330737.583755 0.548171 9.834327 0.001059 50.948872 
19017595.340347 69740809646.787750 0.493276 4.289540 0.001000 50.950393 
18958045.854951 69741227318.902954 0.541388 9.830757 0.001073 50.950388 
18957207.105364 69741360339.343597 0.578077 9.683558 0.001011 50.537328 
32225030.839032 69741359528.407364 0.566453 9.739444 0.001062 50.929105 
1627789503.449121 69737376199.917068 0.001123 9.834330 0.017194 50.936081 
18958608.257117 69740234860.677231 0.365316 2.128316 36.568282 47.264887 
19664899.485440 69741306035.207199 0.561277 9.756585 0.001362 50.948557 
18960913.843683 69741360904.440582 0.553268 9.746125 0.624681 50.778765 
18960401.354658 69741344697.359497 0.397427 9.593143 45.256093 46.719689 
18955450.825306 69741362377.167572 0.532582 8.079163 8.868322 48.371856 
18955450.825004 69741362378.751572 0.577946 9.465850 0.013183 48.865475 
20120225.269831 69737379267.734009 0.001124 9.834330 0.002691 50.949771 
19086159.521293 69737370260.341553 0.001215 9.834328 0.001000 50.950393 
19472930.794390 69740745804.292770 0.496900 9.828599 0.001005 50.950393 
19225056.086067 69741294953.426743 0.572598 9.721377 0.005184 50.942558 
18955451.189223 69741362358.413223 0.569927 8.737269 0.533875 50.866036 
18975726.561616 69741362121.322205 0.567421 9.833344 0.001000 50.950393 
19011444.277993 69741329669.655106 0.572395 5.966479 0.001073 50.950393 
31210461.614807 69741332747.857162 0.566784 9.399967 0.011953 50.950386 
18955494.316761 69741295047.847061 0.565391 9.799886 0.001000 50.950393 
19013346.477258 69741320842.408539 0.563022 9.823953 0.001000 50.950393 
18955822.751751 69741307017.171417 0.561624 9.515207 0.077182 50.685009 
18955518.014387 69741345884.820953 0.547735 9.361595 0.001000 50.950393 
8254781542.407372 69741331813.721436 0.551451 8.938743 5.534319 50.583727 
365429842.962483 69738613035.629883 0.247442 5.285583 2.304631 50.909559 
19772971.667262 69741347094.183670 0.564022 9.827885 0.001622 50.950391 
18968071.972733 69740947902.597000 0.494796 9.742825 0.001000 50.950393 
18955450.825000 69740629824.190811 0.468382 9.335492 0.001095 50.950393 
18955620.416713 69741362205.305267 0.555976 9.577727 0.010181 50.943556 
34206603.125526 69740728616.619614 0.490397 9.827937 0.001000 50.950393 
20261671.696669 69741362378.751633 0.565039 9.801221 0.001000 50.950393 
28142519.276835 69741354219.009109 0.501079 9.833188 0.001000 50.950393 
18958456.112226 69741360285.466309 0.499353 9.833802 8.540232 50.704807 
24098882.569493 69741333103.755478 0.504506 9.549478 0.002451 50.937316 
18955458.870286 69741126788.687119 0.481340 9.832409 0.001000 50.950393 
856648497.432641 69737457887.816177 0.001478 9.689353 0.001001 50.950393 
18955520.776256 69739056534.144562 0.273121 9.097167 2.131472 50.502076 
19248663.550515 69740896042.395248 0.447803 9.826301 0.001000 50.950393 
18955450.834272 69741362102.429001 0.422884 9.814852 0.039890 47.085597 
18968605.293179 69741098286.313263 0.482194 9.775662 0.001561 50.950392 
18955676.619488 69741362286.889282 0.499605 8.343835 0.020841 49.993152 
19441810.635518 69739706948.620941 0.326673 2.131027 0.001003 50.950393 
1250336253.817667 69740231188.371445 0.375762 9.632283 5.317953 50.918210 
18955501.221586 69741307041.616333 0.505421 9.811648 0.001000 50.950393 
80187403.942693 69737475981.105835 0.001137 9.829713 0.255964 50.870645 
118045045.950234 69737451551.296707 0.001123 9.834330 0.001001 50.950393 
48263075.894112 69741182527.127838 0.490532 9.097188 0.001001 50.948029 
18955454.250169 69741345204.966599 0.501611 8.385897 0.001001 50.950393 
18955451.694456 69741295731.951675 0.501790 9.826354 0.014869 50.950387 
18955455.926177 69741362378.751160 0.505585 9.623861 0.001000 50.950393 
19161330.791217 69741104716.225433 0.469404 9.782735 0.001000 50.950393 
33077685.899953 69740044948.524734 0.337157 9.831372 0.339063 47.335261 
18955451.857533 69741362367.044022 0.466640 5.220020 18.017280 47.959811 
18955452.210007 69741362361.481369 0.513833 9.832832 0.001000 50.950393 
20481458.404393 69737539599.623352 0.094028 9.800462 0.001000 50.950393 
19000428.674907 69740334440.302368 0.375197 3.840705 5.346133 48.554178 
19848962.864341 69741257542.633041 0.492717 9.591168 0.013789 50.950268 
52336602.675427 69741223801.439728 0.482898 9.827432 0.103562 50.947927 
22416192.912132 69737471575.692886 0.001126 9.834330 0.003173 50.847712 
19821287.730512 69741099543.461044 0.483971 9.830372 0.001772 50.950379 
18956360.912082 69741362247.209625 0.509796 7.440331 0.003720 50.950047 
18977359.934763 69741343045.534088 0.492663 9.823097 0.001000 50.950393 
1661281348.899732 69740156705.927567 0.379264 9.546245 0.001000 50.950393 
20550076.406438 69741352824.250870 0.504912 9.700642 0.345355 50.948789 
18955455.104342 69741240765.799408 0.495329 9.658878 0.001000 50.950391 
36878760.556056 69741135924.523911 0.477635 9.519463 6.736886 49.450122 
161333303.112152 69741148077.296326 0.466832 9.801589 0.011823 50.945294 
18955456.624171 69741237882.498291 0.491069 9.035979 0.001000 50.950393 
18955516.788646 69741361302.575760 0.509792 9.834119 0.001000 50.950387 
18955451.128373 69741362300.121567 0.496844 9.774205 0.036922 50.932255 
35724827.184761 69740979737.907745 0.451676 8.146137 0.001000 50.950393 
18955450.825000 69741362378.751633 0.501533 9.500351 0.001000 50.950393 
19065116.881081 69741306232.277115 0.496928 9.815990 0.136476 50.884555 
18961956.649796 69740562705.396790 0.419340 9.086915 0.001000 50.950393 
20391143.244844 69740869206.235992 0.444939 8.725255 0.001000 50.950393 
18955467.443211 69741362098.417435 0.507200 9.806315 0.001000 50.950393 
18974090.653095 69741008502.457291 0.461480 5.459748 0.001000 50.950393 
18956457.447874 69740996097.531647 0.462646 5.497906 0.001000 50.950393 
18955528.103302 69741306560.167740 0.507374 9.810568 0.019738 50.950227 
20216590.488429 69737460707.000900 0.001123 9.834330 0.002287 50.924942 
18955450.846693 69741362291.967239 0.515127 9.709553 0.001000 50.950393 
18963073.427682 69741361869.186951 0.501517 9.820390 0.001000 50.950393 
9407014358.579205 69741072489.611374 0.460548 9.771922 0.001000 50.950393 
18955555.546195 69741362375.441528 0.510944 9.777276 0.260263 50.845334 
19066846.259956 69741327920.452942 0.496100 9.830814 0.001000 50.950393 
19155494.773484 69741018529.695297 0.471298 9.560082 0.001361 50.948858 
18955646.951950 69740830391.869171 0.444616 9.634002 0.001004 50.950393 
18960308.421165 69741362378.751633 0.504440 9.037195 0.001000 50.950393 
60514816.327501 69740532537.464157 0.394202 9.834038 37.602472 47.862223 
157963674.596370 69737458299.038849 0.001289 9.647601 0.001000 50.950391 
18956241.386502 69741355310.057526 0.001593 9.833979 1.784023 46.432547 
18955528.122819 69741201052.707458 0.495198 9.696361 0.001000 50.950393 
18955472.659364 69741361212.792252 0.510907 9.834322 0.001000 50.950393 
18955504.406691 69741323609.760468 0.498122 9.808558 0.001000 50.950393 
18955451.044497 69741362378.749207 0.293491 9.834072 2.956876 46.523983 
18955484.436935 69741332233.519226 0.493203 9.829704 0.001003 50.950218 
18956408.294138 69741362378.160385 0.461858 9.790286 13.822690 47.790875 
66076507.054089 69737452927.391022 0.001123 9.834330 0.001000 50.950393 
18955494.293415 69741351631.242126 0.504287 9.807630 0.013107 50.950181 
18955868.333323 69741338538.758408 0.504857 9.817909 19.065132 50.512461 
18955456.138072 69741362371.797913 0.512997 9.779922 0.001000 50.950393 
18955454.201305 69741090539.199509 0.465130 5.817553 0.001000 50.950393 
18961058.907393 69740384583.466797 0.341098 1.460132 0.001173 50.950393 
18957949.875733 69741287419.995789 0.506174 9.764833 0.001003 50.950393 
20592701.205170 69741266676.631348 0.485099 9.793259 0.001000 50.950393 
965454244.672666 69737462025.929321 0.001123 9.834329 0.001000 50.950393 
18955450.828720 69741360525.439728 0.419950 9.564565 38.157424 47.067315 
18992295.171306 69741360766.869873 0.510757 9.820649 0.001804 50.948814 
19156439.105175 69741334740.584778 0.503202 9.818733 10.025079 50.513460 
848262034.421150 69741362378.751633 0.504206 9.447861 0.441422 50.169643 
27850325.200067 69741349169.808731 0.498945 8.636606 0.001000 50.950393 
19485176.773424 69741357394.731857 0.508172 9.834330 0.001000 50.950393 
18955455.250342 69741143224.169556 0.482394 9.825107 0.001000 50.950393 
18978281.481565 69740800883.582199 0.445922 9.297222 0.001000 50.950393 
20160618.525441 69741357921.512100 0.486714 2.759967 0.001007 50.950319 
19014232.579061 69741360125.198486 0.511871 9.723745 0.040812 50.628588 
22743346.018612 69741112172.487244 0.474190 9.712088 0.001000 50.950393 
18966101.691084 69741147607.842300 0.464340 8.767345 0.001391 50.943248 
435537328.256365 69739548767.811691 0.284638 1.527848 0.001173 50.950357 
20074024.905467 69737456709.722458 0.001123 9.834330 0.001000 50.950393 
19303477.236408 69741361402.591858 0.497597 9.760554 0.001000 50.950393 
465036315.258626 69740843578.883987 0.445307 9.542110 0.087431 50.946911 
19036064.049935 69741362295.684402 0.510153 9.831944 0.837007 50.681412 
18955452.361441 69741362378.523697 0.497747 9.833474 0.001001 50.950393 
19020021.095478 69741361751.779251 0.513705 9.834240 0.001000 50.950383 
19443579.971991 69741354971.842117 0.486837 9.823674 0.133665 48.693875 
18955452.125714 69741359608.367844 0.503467 9.833959 0.001000 50.950393 
19072825.072177 69741301165.464157 0.499630 9.832673 0.001620 50.950085 
19070369.610523 69741359052.815536 0.506117 9.351029 21.632588 50.579422 
18955450.914409 69741362378.751511 0.503448 9.770403 4.785406 50.949082 
19287594.947978 69741362288.696472 0.500739 9.187594 1.074014 50.106351 
18960288.232008 69741356803.722351 0.463230 9.818876 0.001000 50.950393 
18955450.830216 69741362376.457764 0.453299 9.812683 0.001000 50.950393 
18958048.998830 69741261057.146408 0.447072 9.455915 0.001000 50.950393 
19834179.696379 69741316951.467896 0.447753 9.578992 3.659516 50.668644 
18955450.898201 69741362378.410690 0.463879 9.738082 8.696320 50.845925 
18955450.825000 69741361621.190689 0.460649 9.826189 2.103054 50.950291 
37647456.397493 69737525202.586121 0.001133 9.834328 0.049869 50.833591 
43991757.674849 69740957078.822418 0.409307 9.672890 21.395972 48.178075 
18955451.202871 69741362378.748032 0.465803 9.654954 0.001000 50.950393 
83114683.190597 69740461121.785019 0.365989 9.585515 0.026814 50.949897 
204819565.835640 69741361853.630188 0.459578 9.050398 0.001422 50.931559 
19040485.154566 69740820773.167236 0.420045 9.829477 0.001007 50.950393 
19012962.644264 69740374722.250183 0.347821 9.254303 0.001040 50.950393 
24961635.873068 69741289328.509583 0.456158 7.441553 1.937450 50.871236 
18956093.717667 69741360156.469315 0.465529 9.829131 0.001186 50.950392 
18979811.944121 69741342294.418518 0.456930 9.833000 20.886963 50.948375 
19375704.633958 69741360542.060898 0.001123 9.834330 0.142976 46.438360 
18958147.256149 69741362113.799194 0.464205 9.834281 0.001000 50.950393 
19551191.145189 69737527337.054520 0.001123 9.834320 0.001000 50.950393 
18955454.731072 69741362377.411865 0.453837 9.833425 0.001000 50.950392 
19631976.060113 69740454602.017059 0.372109 9.016015 32.421682 50.812959 
23005275.281499 69741055207.320541 0.440670 9.377858 0.775596 49.885229 
2182305127.085924 69740281974.008057 0.342945 9.390763 0.017872 50.944875 
18955451.037638 69741362136.864914 0.453881 9.724619 0.064322 50.699421 
19303455.535019 69739467657.456329 0.276729 6.323179 0.079219 50.941683 
18956839.522687 69741327084.201721 0.450078 9.788059 0.001006 50.950392 
18955452.827370 69741361445.627411 0.462340 9.825875 0.001000 50.950393 
243298652.900169 69739279166.424805 0.276732 3.711342 0.001000 50.950393 
18955450.825000 69741362378.751633 0.459286 9.801094 0.029975 50.932555 
18995315.035876 69741274205.174225 0.001123 9.833532 7.241678 46.442854 
69587760.102799 69741329158.899857 0.433468 9.628144 7.729849 47.824082 
19051345.402244 69741231357.991974 0.450558 9.834098 0.001000 50.950393 
21797030.430701 69739947557.839493 0.335373 8.550005 0.001000 50.950393 
18955729.128101 69741361287.822693 0.465872 9.689774 0.001003 50.950331 
18957376.051315 69741361322.396301 0.462485 9.708566 0.386343 50.814070 
19007466.940511 69741362378.619720 0.460993 9.810246 0.001051 50.948550 
20164091.619313 69740120116.922928 0.334325 9.832197 0.001000 50.950393 
18955530.336031 69741360573.920700 0.432045 9.789383 46.161459 47.885425 
18957554.284801 69741361973.857910 0.466535 9.647681 0.767553 50.857834 
22925152.737809 69741362363.389648 0.458961 9.827657 0.001000 50.950393 
18955450.825000 69741362378.751617 0.460775 9.757151 0.001000 50.950393 
18955450.825001 69741362378.750702 0.453184 9.105346 0.151059 49.761076 
18957022.223782 69741317222.274628 0.451799 9.796243 1.381074 50.849731 
18957755.711194 69741154388.230225 0.441219 9.833642 0.001000 50.950393 
18955450.825000 69741323243.237686 0.444869 7.606469 2.411368 49.672244 
18986736.333264 69741358934.804626 0.462593 9.753471 0.012734 50.940767 
18955465.102331 69741361729.928696 0.466403 9.324955 0.030809 50.759552 
19384534.156733 69741305415.291550 0.451169 9.089615 0.001000 50.950393 
18956761.906450 69741361480.077057 0.464784 9.833981 0.001000 50.950393 
33927280.596761 69739369887.820389 0.274373 9.834316 0.010131 50.949630 
56108537.105783 69740961360.758438 0.418404 9.610528 0.105272 50.943657 
18997989.105456 69741357914.948120 0.461133 8.701625 0.017326 50.949846 
568771679.576853 69740981924.702347 0.423080 9.834235 0.113738 50.369235 
184404671.171377 69739547998.655029 0.286797 9.630970 0.001063 50.950369 
666338967.604257 69741325946.886703 0.459317 9.834278 0.002927 50.939649 
626980594.749579 69739110259.505722 0.250464 8.477885 0.001000 50.950393 
18955460.224863 69741362378.746552 0.461639 9.833166 0.001000 50.950393 
18955619.947649 69741362370.188583 0.466281 9.822221 0.389987 50.541957 
23234079.339511 69741343591.113098 0.449502 9.830422 0.001000 50.950393 
18955451.418587 69741362378.749008 0.458710 8.825055 0.166300 50.948081 
19095792.737065 69740381782.074646 0.362067 9.628775 0.056513 50.950308 
18955451.689552 69741362365.963501 0.453048 9.802509 0.042848 50.867760 
18962119.768014 69741317698.338470 0.455252 9.776921 0.001000 50.950393 
18955450.825337 69741362317.575302 0.465034 9.834264 0.001000 50.950393 
18955477.554350 69741262499.674042 0.392032 1.392478 2.130339 48.589159 
19008629.402835 69740066182.056503 0.330396 9.763196 0.001000 50.950393 
19036842.174508 69738494093.370209 0.210223 9.592345 0.001875 50.950321 
18960188.630053 69741362341.474594 0.467433 8.266956 0.127381 50.871681 
18955997.524230 69741360930.977753 0.431417 8.776729 18.397090 47.627752 
18955453.817472 69741362334.364990 0.465933 9.834209 0.001000 50.950393 
23084943.541686 69741342006.342682 0.449257 9.102915 0.001001 50.950373 
18955450.829139 69741362378.483810 0.461760 9.834244 0.003025 50.948249 
18955506.210621 69741362375.637024 0.452142 9.723227 0.001238 50.950097 
19275179.742629 69740201654.661789 0.338233 9.582438 0.001000 50.950393 
19056398.274422 69741362345.066238 0.467434 9.799694 0.001000 50.950393 
18956019.334394 69741245627.922577 0.447046 9.404221 0.379065 50.950060 
19063188.107192 69738267296.418991 0.183373 9.810829 0.044499 50.949761 
18955450.894045 69741362378.623032 0.457066 6.496800 0.001016 50.950393 
18955450.825052 69741362378.750198 0.458043 8.997005 5.109040 50.918227 
18973449.231533 69740616506.692566 0.385339 9.647621 9.216482 50.283992 
19162970.136310 69741362351.284348 0.459619 9.242529 0.057537 50.947339 
19290777.789999 69741362256.852158 0.458190 9.579106 0.001000 50.950389 
18964480.146372 69740945628.018112 0.413564 8.382355 0.027482 50.295759 
18956069.541386 69741361624.474869 0.001123 9.834330 0.274664 46.439177 
836606868.052391 69740970276.658875 0.421797 9.825679 0.001000 50.950393 
18955451.881074 69741362020.106522 0.460640 9.685412 0.008956 50.557434 
18955459.149152 69741362283.732620 0.452151 8.491103 0.030030 50.950386 
18971073.139667 69741333595.560928 0.450098 9.830663 0.001000 50.950393 
18955582.100417 69741362366.186981 0.436002 9.832423 3.382792 47.618423 
125921641.769351 69741224619.178574 0.445750 9.460878 0.001101 50.950390 
96787978.444469 69737527108.707413 0.001153 9.834330 0.001104 50.950392 
20833320.124926 69738157832.476471 0.169880 9.832860 0.001738 50.948979 
18955450.825000 69741362378.751633 0.036497 9.821413 3.444695 46.443496 
4898779573.770908 69741362378.751633 0.463958 9.795679 36.447648 50.919752 
19095157.414422 69741337405.674805 0.458349 9.832758 0.001000 50.950390 
18955480.066812 69741361717.434601 0.426717 9.725616 0.715126 47.480607 
18961101.412683 69741359276.562439 0.459664 9.548841 0.001330 50.950393 
18955450.825013 69741362378.746262 0.459801 9.748427 0.178439 50.910137 
18955454.970941 69741362376.625046 0.419018 9.834222 24.733839 47.491661 
18955466.416998 69741362377.879837 0.447837 9.730685 0.099353 48.366924 
19113448.997099 69740924351.752213 0.364506 8.753259 12.180772 47.719292 
18955484.443466 69741362346.093491 0.442441 9.267432 0.002049 50.950235 
472558440.197945 69740114859.921249 0.314056 8.902956 1.363456 50.949774 
40927434.111402 69741356019.164078 0.426288 9.831249 0.001000 50.950392 
6836139047.324344 69740283381.439178 0.306549 9.815029 0.001000 50.950393 
19246342.309063 69741320389.201447 0.429549 9.492150 0.001000 50.950393 
21450274.307379 69741326023.362579 0.420621 7.418642 0.755903 49.301982 
18955487.211988 69741362372.596558 0.435943 9.833713 0.001000 50.950393 
18957162.293885 69741361229.480072 0.434952 8.931875 0.001000 50.950393 
57487024.935911 69737537160.396484 0.001123 9.834330 37.823072 46.930742 
18958560.618370 69741362308.732239 0.440457 9.796493 0.001000 50.950393 
18955450.831474 69741362377.956390 0.428982 9.826536 0.001939 50.941971 
50417034.071391 69741362277.282196 0.439727 9.767045 0.001000 50.950393 
18955753.398370 69741362181.039429 0.438174 9.088578 0.903714 49.727540 
19032290.112204 69741292187.349243 0.424047 7.630482 0.001000 50.950250 
18979243.356637 69741358590.302078 0.431429 4.295851 0.654103 50.618003 
18955478.137573 69741353637.753082 0.426208 7.974921 0.001000 50.950393 
46896552.337219 69741206453.222260 0.418414 8.801534 0.001002 50.950393 
18955464.391643 69741362378.751312 0.335452 9.479374 0.042073 46.866602 
18983765.928525 69741258545.264908 0.427816 9.723679 0.098576 50.949229 
19040120.947116 69741362378.714645 0.432935 9.824007 0.001110 50.950328 
19102111.708436 69741361594.616776 0.429557 9.793968 0.001000 50.950393 
18955450.851988 69741362378.746719 0.434173 9.822835 0.062822 50.949407 
18955450.825018 69741362378.751633 0.434487 8.940035 0.020325 50.950268 
19115080.391479 69741362368.696823 0.427842 9.822053 0.001007 50.950393 
18955450.825036 69741362378.197250 0.436548 9.834273 0.001001 50.950237 
18955511.121127 69741362378.081253 0.442439 9.417232 0.028415 50.950366 
19150810.167807 69740804442.176086 0.306258 1.193255 0.104784 50.903777 
18957477.291268 69741330728.574081 0.430456 9.293292 0.002518 50.950283 
18974078.570101 69740510718.770447 0.339656 9.713149 0.001905 50.950393 
18955885.082375 69741212041.163391 0.415938 9.830577 0.001389 50.949878 
18957468.837149 69741055685.204712 0.402078 8.974514 0.001000 50.950393 
19938131.130880 69740547258.122864 0.340844 9.782840 0.001000 50.950393 
18990962.702733 69740661411.249222 0.361443 9.701291 0.134199 50.874949 
19869893.085324 69741361785.775620 0.429197 9.707063 1.625986 50.914702 
18974890.625603 69741353476.353577 0.432490 9.806357 0.001007 50.950359 
20558796.221415 69741362378.751633 0.427940 8.233968 0.023385 50.950344 
18998978.030167 69741306033.920792 0.421022 9.823011 10.122576 50.901876 
18955494.306678 69741362297.620163 0.429222 8.505518 0.002282 50.948745 
18955450.839068 69741362376.547897 0.429680 9.760344 0.001408 50.949850 
19448977.113486 69738705661.352234 0.207827 2.857766 0.001000 50.950393 
18983231.784326 69741335320.223862 0.435619 9.824822 0.001000 50.950393 
18955451.199839 69741353134.415085 0.438210 9.821770 0.001142 50.950383 
18955888.526185 69741359202.035263 0.435569 9.825743 0.004467 50.950393 
18956758.831807 69741362378.751266 0.432155 9.737888 0.030095 48.692989 
18955544.967438 69741362375.014481 0.438968 4.521492 0.001006 50.950381 
147852279.073636 69741212951.373764 0.423746 5.878873 0.001000 50.950393 
197376772.598034 69738062179.112671 0.161595 9.833635 0.001000 50.950393 
60266025.112486 69741288266.556229 0.423583 9.833583 0.001000 50.950393 
27026321.044521 69741277849.551819 0.424020 9.666058 1.448167 50.929373 
18960564.453258 69741349249.493011 0.427500 9.818538 0.676395 50.948050 
18982614.499058 69741294752.073547 0.404688 4.718348 0.001031 47.898072 
20381092.165909 69741065224.375427 0.400841 9.032571 2.850474 50.909312 
20568469.776802 69741312911.179977 0.431537 9.824397 36.685292 49.864703 
20525602.900217 69741349099.238998 0.424374 4.022576 0.001001 50.950393 
18955770.203213 69741360757.193848 0.433584 8.561351 2.269868 50.827910 
18979211.639295 69741362371.678543 0.410078 9.726673 16.901514 47.834752 
19170990.347802 69741306539.412354 0.434569 9.726149 0.001000 50.950393 
18955450.836779 69741362374.882446 0.441996 8.733833 0.001418 50.950389 
18970315.296547 69741361944.836655 0.437875 9.821299 1.747186 50.269477 
18955666.200212 69740952928.582520 0.386182 9.833752 0.558825 50.950010 
19060758.873402 69740976706.905182 0.387859 9.833121 0.127235 48.891650 
18955450.885093 69741360368.624512 0.434042 9.676747 0.439609 50.939564 
18957092.149380 69740896133.992126 0.382396 9.386788 0.001000 50.950393 
20839946.034541 69739760119.531342 0.280691 9.761798 1.023152 50.924232 
18955450.825308 69741362378.751419 0.367587 9.783558 6.733053 47.099634 
18955450.825385 69741362378.751633 0.431581 9.400673 0.001001 50.950393 
18997972.143500 69740396597.310913 0.325944 7.235942 0.001000 50.950393 
18955491.321001 69741362378.751297 0.437357 9.827006 0.001004 50.950393 
18958713.672573 69741362376.976349 0.431082 9.831751 0.001000 50.950393 
19142892.926363 69741362302.262711 0.430438 9.832762 0.007100 50.936574 
19067011.977199 69741334402.151947 0.429330 9.829961 0.001000 50.950393 
18955503.614843 69741362378.751633 0.429779 9.813858 0.001000 50.950389 
18955456.327507 69741362378.739136 0.430370 9.665349 0.033763 50.950393 
18970205.203433 69741358599.901550 0.435424 9.606903 0.002024 50.948073 
18959613.196180 69740997189.480240 0.391430 7.746557 0.001000 50.950393 
34382436.207266 69741359415.143951 0.436646 9.833849 0.001229 50.950216 
18956075.575993 69740496317.154510 0.328263 9.828605 0.096513 50.948540 
19398363.179674 69741129772.186722 0.406551 9.752604 0.001090 50.950393 
18998885.779688 69740889658.050491 0.379322 9.831023 0.001000 50.950393 
18955698.920586 69741356757.745346 0.433949 9.827838 2.436354 50.481837 
22289561.547160 69737535308.304459 0.001419 9.824823 0.001001 50.950393 
18959347.463122 69741061390.280853 0.405658 9.829986 0.001003 50.950272 
25836945.210016 69741362231.313873 0.363900 9.834308 0.946962 47.042757 
2128959380.999632 69738211681.725204 0.172550 9.705182 0.001000 50.950392 
23243131.598351 69741362155.112717 0.438906 9.495793 0.001002 50.950393 
18955450.825001 69741362367.765732 0.407718 9.339151 46.220317 48.297717 
18956815.179301 69741362378.751205 0.426987 9.537260 5.602163 50.924985 
18958534.857552 69739952631.244934 0.306435 9.834330 0.001041 50.947385 
18997897.976859 69741232883.037903 0.424900 9.834330 0.001001 50.950393 
18958956.728108 69741289087.719345 0.423076 9.834330 5.218000 50.950012 
18962964.008552 69741362378.201324 0.432683 9.603641 0.106634 50.950152 
18955450.825000 69741362378.751633 0.431266 9.834087 0.001121 50.950382 
18989368.545833 69741362371.143723 0.431965 9.454087 0.508382 50.947769 
24637641.428562 69740308369.147903 0.307091 9.816805 0.001000 50.950393 
18955524.172433 69741362255.173309 0.420865 9.121718 0.244536 48.615445 
285836525.622827 69741055464.836014 0.398885 8.660944 0.001029 50.950392 
18955707.535658 69737543975.944107 0.067124 7.931870 30.448331 47.851313 
34438064.860851 69740892732.542160 0.387155 9.822087 0.001000 50.950393 
18955450.825022 69741362378.608658 0.427660 9.833136 0.013605 49.471566 
